4.477599941726241768e-03
3.638585210068239883e-03
3.619310818612575444e-03
3.592378209300694202e-03
3.552601428791170822e-03
3.499473000521816004e-03
3.439857345074415380e-03
3.398016744869805390e-03
3.369078631069333685e-03
3.334326451156465788e-03
3.315373978001021245e-03
3.288359609654261783e-03
3.260360193616222788e-03
3.242455749949883868e-03
3.217206321035822290e-03
3.198759350925684149e-03
3.181127846861878973e-03
3.164547159602599559e-03
3.123311447866615898e-03
3.105112018861940805e-03
3.089428063304651417e-03
3.065273965088029760e-03
3.035394475972723327e-03
3.016825348493598884e-03
2.994029373595757243e-03
2.973965810434449440e-03
2.954085062568386193e-03
2.927424038006436191e-03
2.913824892381117540e-03
2.887241699777188912e-03
2.876781780893603816e-03
2.846392013487361941e-03
2.822994990717796974e-03
2.812478512835999128e-03
2.782015647694823218e-03
2.766237600839563816e-03
2.739629196003079588e-03
2.710145973556098327e-03
2.700747750211684312e-03
2.668711376775588420e-03
2.663056359493306668e-03
2.640217717825656812e-03
2.622883642713228890e-03
2.598448883786442631e-03
2.581957319662684519e-03
2.576329196537179792e-03
2.568345862839903349e-03
2.542501483999547434e-03
2.521693348396746980e-03
2.506973907085401597e-03
2.498878227058975304e-03
2.473363512018252140e-03
2.449823965850685299e-03
2.432235171796665475e-03
2.417607140904735798e-03
2.399785143678032345e-03
2.400668656143049515e-03
2.389249314243594661e-03
2.358327208397288915e-03
2.366467762649768995e-03
2.349943596692312484e-03
2.333957253999653127e-03
2.329624117174673801e-03
2.314758919445531523e-03
2.308909687590563527e-03
2.307185630447098398e-03
2.298522696253799298e-03
2.296681414979199511e-03
2.289113577543979393e-03
2.283791383905779855e-03
2.276248614015501017e-03
2.277916522940532078e-03
2.271061711057665872e-03
2.287429472475889253e-03
2.297671223502783383e-03
2.295848016538435624e-03
2.306099834718874572e-03
2.314902061507815526e-03
2.335387157897154519e-03
2.324398742279126708e-03
2.308131982794120116e-03
2.307432060617776309e-03
2.302266462218193702e-03
2.274421339721552100e-03
2.273902032036511853e-03
2.262335769566042269e-03
2.280138406370367174e-03
2.265375648580846175e-03
2.256557462914358936e-03
2.228503940360886549e-03
2.255704300478100603e-03
2.241139993670263324e-03
2.223876109235875618e-03
2.209737286015990218e-03
2.212432556829991692e-03
2.195281360764056531e-03
2.203554324140506032e-03
2.182258347914155239e-03
2.180652920755424534e-03
2.181858124233604802e-03
2.161359453263381972e-03
2.172522466918009980e-03
2.143910807180440282e-03
2.150257102524240869e-03
2.136060302811009729e-03
2.112257530513618475e-03
2.119881809977370874e-03
2.099460047403616664e-03
2.106109536474659507e-03
2.115961268455499554e-03
2.090391840985310942e-03
2.098888040165461377e-03
2.083500766284054288e-03
2.073041100188025270e-03
2.055847477389588333e-03
2.044927375945484148e-03
2.060118113045713521e-03
2.054845944180020215e-03
2.052843830149088736e-03
2.045633669366084522e-03
2.032860050842698156e-03
2.028462992027579414e-03
2.021965966559946364e-03
2.031448460184037512e-03
2.021785010583698750e-03
2.020425817907033940e-03
2.011819996516264666e-03
2.006919607741847102e-03
2.008908368935365119e-03
2.006805737480698432e-03
2.002509662859319056e-03
2.004159321188039855e-03
2.003106123413003498e-03
1.988171654686864132e-03
1.985833283868573829e-03
1.994939740481121125e-03
1.986500626385566664e-03
2.001962081218759074e-03
1.998948075232051882e-03
1.979560518659473876e-03
1.980352973831551316e-03
1.983694452238047613e-03
1.988445904793306393e-03
1.978727288743747231e-03
1.994779266949210910e-03
1.967695903121715641e-03
1.971869870820747769e-03
1.973653763776556450e-03
1.952500228348764619e-03
1.979809726721474140e-03
1.982157370297327106e-03
1.981579076631793165e-03
1.972198959750433734e-03
1.960002473511156685e-03
1.957569407698299315e-03
1.957284345934610925e-03
1.946542286757557260e-03
1.960282987316271965e-03
1.958050444123468278e-03
1.945545429009057142e-03
1.946734727936841108e-03
1.974169130525773360e-03
1.935690116425532736e-03
1.947692979038471170e-03
1.940832246604952144e-03
1.933458150874468612e-03
1.951243743366960944e-03
1.931558663047672642e-03
1.948286870694053994e-03
1.935751364189421770e-03
1.926538177455465028e-03
1.929724077871512906e-03
1.929664889550102621e-03
1.928337529257294694e-03
1.934085270234694098e-03
1.933548542936997655e-03
1.913553844982137341e-03
1.933918549634871002e-03
1.920020874656204598e-03
1.911595498122984358e-03
1.916853041343745748e-03
1.928006047715565994e-03
1.910283793473527584e-03
1.918608813347028865e-03
1.917441170440898138e-03
1.914563648668782952e-03
1.919423312037473730e-03
1.907302423136397491e-03
1.906206020863637990e-03
1.911686773278883531e-03
1.900748582556843758e-03
1.901860276259304504e-03
1.901173419762580089e-03
1.893433445088920069e-03
1.886310125701129393e-03
1.898547672178773574e-03
1.896423543249035112e-03
1.900869739308421033e-03
1.898325442536068740e-03
1.883532398469036457e-03
1.902607953663737993e-03
1.895427502070864143e-03
1.893046894110739231e-03
1.899138295335606533e-03
1.883831895732631387e-03
1.883317538470561997e-03
1.884284927620596831e-03
1.879422135451542511e-03
1.890410704626923569e-03
1.882443371938452830e-03
1.873640071911116369e-03
1.874512116358216301e-03
1.890933138340534147e-03
1.886600682268007928e-03
1.874175077370767188e-03
1.879804520978636644e-03
1.874328429611133752e-03
1.876903865818998606e-03
1.890626827454460488e-03
1.876103683441345243e-03
1.875757499753186999e-03
1.878353681725760402e-03
1.877658540892991352e-03
1.875821287034168091e-03
1.876990334130823525e-03
1.887374023707317399e-03
1.868321700021624478e-03
1.875646178433228173e-03
1.864027312313694309e-03
1.873395981134048493e-03
1.872332463972270532e-03
1.866537198934349173e-03
1.859608354667822462e-03
1.862959226127713962e-03
1.867327345202543856e-03
1.870762285709913183e-03
1.859362236601078827e-03
1.870005506844747700e-03
1.855258840424496526e-03
1.853152929938265336e-03
1.853002089497056762e-03
1.857277915059101035e-03
1.855283582006536820e-03
1.869984623044729189e-03
1.853562090435021022e-03
1.855141366277599652e-03
1.845479091363293796e-03
1.847045827058276966e-03
1.858323936106725822e-03
1.863434991710597507e-03
1.843272147899759680e-03
1.858536568137684076e-03
1.855205952389431820e-03
1.854183989953959218e-03
1.846858089057994753e-03
1.845302404503205073e-03
1.841073993238664854e-03
1.849045200894276373e-03
1.854716684292292278e-03
1.834412740676530850e-03
1.839451257339013573e-03
1.854694508836560391e-03
1.848356323205821482e-03
1.846476137039384721e-03
1.830480901879214103e-03
1.832546837561364666e-03
1.821612770159152395e-03
1.847083430870302993e-03
1.840164924838713243e-03
1.825547158452016979e-03
1.834312906222683968e-03
1.836445552319110937e-03
1.851598029246642524e-03
1.835588919043186149e-03
1.842458527867815374e-03
1.833118288223409883e-03
1.835255005529948724e-03
1.828786322758311393e-03
1.829418574925512119e-03
1.830919028171116344e-03
1.834856013080016397e-03
1.827354214176358290e-03
1.832016050216874825e-03
1.820351767708503106e-03
1.835583379336943157e-03
1.824931623525030558e-03
1.816083462576248810e-03
1.807461340268630336e-03
1.833624500293462101e-03
1.813705736172518653e-03
1.827725968767134968e-03
1.825756756477944949e-03
1.811166791178818328e-03
1.808628460968888987e-03
1.820023647243423177e-03
1.815542899116518935e-03
1.814476962733481673e-03
1.807307813405281032e-03
1.820405738406060672e-03
1.814114360604435119e-03
1.798085067864684840e-03
1.819288465083532301e-03
1.815437916888012820e-03
1.823486083386732012e-03
1.807574031963234953e-03
1.825157781353309088e-03
1.809772099590017730e-03
1.808679080568253994e-03
1.808285982059758355e-03
1.808631042062881387e-03
1.810346509418671963e-03
1.809322120000918634e-03
1.801823854579457252e-03
1.796793902758508877e-03
1.810961196731243747e-03
1.805577069033114778e-03
1.792541434544892617e-03
1.804339902896788875e-03
1.808365128402198959e-03
1.808868317554394390e-03
1.808262536568301009e-03
1.796115784617584483e-03
1.806898377392263631e-03
1.794330824521325795e-03
1.799594838770904792e-03
1.796170560243938626e-03
1.800771176238499978e-03
1.801578852991085611e-03
1.806186334163482681e-03
1.793490319756702251e-03
1.801703849785207248e-03
1.793450327767502628e-03
1.808282654244630075e-03
1.797974716672407760e-03
1.797260924442005978e-03
1.793449856562628680e-03
1.797119024697513799e-03
1.802485064780783106e-03
1.788166740221814070e-03
1.786148340241717385e-03
1.787462497373954167e-03
1.789129279842156806e-03
1.784538220991158759e-03
1.791804382533189726e-03
1.790695220032440752e-03
1.793636037923750440e-03
1.783254527531209430e-03
1.784078968090138358e-03
1.786900473581183504e-03
1.792275957164487718e-03
1.790759373744506104e-03
1.785395939147011194e-03
1.782670902043935728e-03
1.787039770611694930e-03
1.774275297897734763e-03
1.781254201307005914e-03
1.782208560810734843e-03
1.790990235306145128e-03
1.780716012165482493e-03
1.780620457914968433e-03
1.780333413210298272e-03
1.766730472445487889e-03
1.779372783355592184e-03
1.778658664053572131e-03
1.785052942466877840e-03
1.775925945756690874e-03
1.772445285626287909e-03
1.771539495149183734e-03
1.785554109318625293e-03
1.772672102587031411e-03
1.775101520719805015e-03
1.776739837424386181e-03
1.770127615115294883e-03
1.773875907972632471e-03
1.766907707011947971e-03
1.776044620644478579e-03
1.770615118688770740e-03
1.776192873893749254e-03
1.767989416562375498e-03
1.765997919608794549e-03
1.783110924796866550e-03
1.778976687429738822e-03
1.774434726463542181e-03
1.766324542751092222e-03
1.768008821887806677e-03
1.770661011826069617e-03
1.771544647913071398e-03
1.764023655448995840e-03
1.784865163444053493e-03
1.777840165665284591e-03
1.768827790926609739e-03
1.760628127071651571e-03
1.769569690250569942e-03
1.770043056569106611e-03
1.771206842801932840e-03
1.771814176546675744e-03
1.768567329383499611e-03
1.770764383642623721e-03
1.765526565612249429e-03
1.757731943369089233e-03
1.763619749718123861e-03
1.757958483704853518e-03
1.771623328039866052e-03
1.759695405295739600e-03
1.756468639775578397e-03
1.759870567115112434e-03
1.756875672089379566e-03
1.775925733437318070e-03
1.763112870200226603e-03
1.759094955577027337e-03
1.761620847086998618e-03
1.761142703859756332e-03
1.785793401012640558e-03
1.775302629851336971e-03
1.765324046192247266e-03
1.765805630323787588e-03
1.762588654777833344e-03
1.754070649344828927e-03
1.763261503185189821e-03
1.752169776175703389e-03
1.764700722525871937e-03
1.752321716464523820e-03
1.752861111336165853e-03
1.758766758056091355e-03
1.757480610450286307e-03
1.740777335639688127e-03
1.749430169417921918e-03
1.758507863130597893e-03
1.749300221092111923e-03
1.753042447048106444e-03
1.761779513409627304e-03
1.755828470257776155e-03
1.749038248367252831e-03
1.751351231221287075e-03
1.755867789809902524e-03
1.742532945770238146e-03
1.741833990395424015e-03
1.745694748769026491e-03
1.759137554160718426e-03
1.753434350359297893e-03
1.749984998189444948e-03
1.754320650139734768e-03
1.736657396845874262e-03
1.746884072642950880e-03
1.750870965354676696e-03
1.742542871007961855e-03
1.747740162647373665e-03
1.750239586856748315e-03
1.755413444646234918e-03
1.752875059554796951e-03
1.743879824477647007e-03
1.754645799796673540e-03
1.749031103792644684e-03
1.743840654602362957e-03
1.744109565126044465e-03
1.739263610493036990e-03
1.750276252693895801e-03
1.754074746055439863e-03
1.744586882358860466e-03
1.743051889241628702e-03
1.747169337301914286e-03
1.748320439253889377e-03
1.740759866689110162e-03
1.751048015874056684e-03
1.741276943634840774e-03
1.742477715569769976e-03
1.749702586260225160e-03
1.743055088999903015e-03
1.739061882697223119e-03
1.749946670384988894e-03
1.733990734820032437e-03
1.740646414414402958e-03
1.740030766398246781e-03
1.743353007449990281e-03
1.741655822288954531e-03
1.743057593592398221e-03
1.744064928165503904e-03
1.741438784769603135e-03
1.736206349007607874e-03
1.742429890492487457e-03
1.736401042546189925e-03
1.741269449814267147e-03
1.748754391224966202e-03
1.737882271187291211e-03
1.738596293476543219e-03
1.736627535761467011e-03
1.732677742949731209e-03
1.741667861296307407e-03
1.748532045166939540e-03
1.737140610237561519e-03
1.743729802824201935e-03
1.746156754615228821e-03
1.737062628048338967e-03
1.727689392975575826e-03
1.734488577182803897e-03
1.737375917755776961e-03
1.736203464679419908e-03
1.731423238137116093e-03
1.732021662783587166e-03
1.729609695307555680e-03
