6.369425474107265472e+01
4.868128328025341034e+01
4.793606792390346527e+01
4.728193505108356476e+01
4.662135343253612518e+01
4.598934200406074524e+01
4.547716699540615082e+01
4.505065952241420746e+01
4.454652920365333557e+01
4.407946522533893585e+01
4.364217275381088257e+01
4.315942133963108063e+01
4.254888772964477539e+01
4.224960272014141083e+01
4.164604140818119049e+01
4.121389502286911011e+01
4.077853375673294067e+01
4.051882091164588928e+01
4.002199120819568634e+01
3.971747991442680359e+01
3.930458146333694458e+01
3.903556258976459503e+01
3.877004995942115784e+01
3.837764358520507812e+01
3.803542925417423248e+01
3.771328334510326385e+01
3.757994157075881958e+01
3.708558711409568787e+01
3.692536774277687073e+01
3.641875804960727692e+01
3.630292122066020966e+01
3.602454802393913269e+01
3.573432455956935883e+01
3.547770558297634125e+01
3.529380255937576294e+01
3.491485968232154846e+01
3.466330859065055847e+01
3.444778224825859070e+01
3.401232114434242249e+01
3.394333329796791077e+01
3.352899244427680969e+01
3.340061999857425690e+01
3.321275037527084351e+01
3.291954272985458374e+01
3.270481964945793152e+01
3.243410432338714600e+01
3.221836465597152710e+01
3.200368876755237579e+01
3.191182149946689606e+01
3.153809827566146851e+01
3.130775557458400726e+01
3.115052886307239532e+01
3.093559691309928894e+01
3.081546153128147125e+01
3.065922273695468903e+01
3.038076935708522797e+01
3.033038344979286194e+01
3.025268727540969849e+01
2.991682900488376617e+01
2.988597409427165985e+01
3.001399784535169601e+01
2.964758726209402084e+01
2.935715864598751068e+01
2.935679703205823898e+01
2.915657585859298706e+01
2.925401611626148224e+01
2.908667994290590286e+01
2.920917264372110367e+01
2.898406308889389038e+01
2.930739016085863113e+01
2.925137859582901001e+01
2.897157509624958038e+01
2.901605866104364395e+01
2.918539083003997803e+01
2.913293271511793137e+01
2.944956991076469421e+01
2.936772898584604263e+01
2.947053961455821991e+01
2.982977066934108734e+01
2.986398253589868546e+01
2.977118792384862900e+01
2.955107106268405914e+01
2.946422693133354187e+01
2.940181872993707657e+01
2.966007108986377716e+01
2.919558766484260559e+01
2.947845067828893661e+01
2.900545059889554977e+01
2.899911811947822571e+01
2.886614728718996048e+01
2.872944596409797668e+01
2.865394670516252518e+01
2.868742135912179947e+01
2.851349275559186935e+01
2.835777204483747482e+01
2.838670548051595688e+01
2.839173940569162369e+01
2.823283075541257858e+01
2.809326974302530289e+01
2.794062521308660507e+01
