4.739155858710763190e-03
3.622119291685521689e-03
3.566671720528531795e-03
3.518001119872288945e-03
3.468850701825604461e-03
3.421826041968805375e-03
3.383717782396291045e-03
3.351983595417723592e-03
3.314473899081349373e-03
3.279722114980575514e-03
3.247185472753785860e-03
3.211266468722550737e-03
3.165839860836664691e-03
3.143571630962902538e-03
3.098663795251576595e-03
3.066510046344428017e-03
3.034117094995010359e-03
3.014793222592699901e-03
2.977826726800274302e-03
2.955169636490089478e-03
2.924448025545903565e-03
2.904431740309865780e-03
2.884676336266455299e-03
2.855479433422996888e-03
2.830017057602249569e-03
2.806047867939230785e-03
2.796126604967173919e-03
2.759344279322595815e-03
2.747423195147088732e-03
2.709729021548160522e-03
2.701110209870551115e-03
2.680397918447852221e-03
2.658803910682243973e-03
2.639710236828596637e-03
2.626026976144029811e-03
2.597831821601305751e-03
2.579115222518642715e-03
2.563079036328764007e-03
2.530678656573096853e-03
2.525545632289279228e-03
2.494716699722976730e-03
2.485165178465346351e-03
2.471186783874318536e-03
2.449370738828466048e-03
2.433394319156096264e-03
2.413251809775829228e-03
2.397199751188357642e-03
2.381226842823837373e-03
2.374391480615096334e-03
2.346584693129573351e-03
2.329446099299405278e-03
2.317747683264315128e-03
2.301755722700840091e-03
2.292817078220347679e-03
2.281192167928176168e-03
2.260473910497412964e-03
2.256724959061969047e-03
2.250943993706078835e-03
2.225954539053851509e-03
2.223658786776165370e-03
2.233184363493429837e-03
2.205921671286757528e-03
2.184312399255023025e-03
2.184285493456714078e-03
2.169388084716740092e-03
2.176638103888503106e-03
2.164187495751927499e-03
2.173301535991153683e-03
2.156552313161747784e-03
2.180609386968648117e-03
2.176441859808706317e-03
2.155623147042379315e-03
2.158932936089556689e-03
2.171532055806545906e-03
2.167628922255798642e-03
2.191188237408087276e-03
2.185098882875449733e-03
2.192748483226058132e-03
2.219476984325973769e-03
2.222022510111509169e-03
2.215118149095880035e-03
2.198740406449706600e-03
2.192278789533745869e-03
2.187635322167937133e-03
2.206850527519626289e-03
2.172290748872217608e-03
2.193337104039355320e-03
2.158143645751156928e-03
2.157672479127843972e-03
2.147778816011157877e-03
2.137607586614432946e-03
2.131990082229354676e-03
2.134480755887038523e-03
2.121539639552966552e-03
2.109953277145645324e-03
2.112106062538389711e-03
2.112480610542531376e-03
2.100657050253912275e-03
2.090273046356049338e-03
2.078915566449896293e-03
