5.490525242686271667e+01
3.494574975967407227e+01
3.289207431674003601e+01
3.161496813595294952e+01
3.094769099354743958e+01
2.993441685289144516e+01
2.917990151047706604e+01
2.849963112920522690e+01
2.770077935606241226e+01
2.699542031437158585e+01
2.654933650046586990e+01
2.603677500039339066e+01
2.557810729742050171e+01
2.495305101573467255e+01
2.458679970353841782e+01
2.415588688105344772e+01
2.365394660830497742e+01
2.314969173073768616e+01
2.250075054168701172e+01
2.218114751577377319e+01
2.173545569926500320e+01
2.131789059191942215e+01
2.085218454897403717e+01
2.047210651636123657e+01
2.025596812367439270e+01
2.004295466840267181e+01
1.965958561748266220e+01
1.936344677209854126e+01
1.891737676411867142e+01
1.878424815833568573e+01
1.829313912242650986e+01
1.800386752933263779e+01
1.769486797600984573e+01
1.744803776592016220e+01
1.729755644500255585e+01
1.714110290259122849e+01
1.700272203981876373e+01
1.679090562462806702e+01
1.673991502821445465e+01
1.648728257417678833e+01
1.649112866073846817e+01
1.633777938783168793e+01
1.614670290425419807e+01
1.611421743407845497e+01
1.599384293332695961e+01
1.587230695784091949e+01
1.580778780207037926e+01
1.548951547965407372e+01
1.542478910088539124e+01
1.541343238577246666e+01
1.541050150245428085e+01
1.523084403946995735e+01
1.510917177051305771e+01
1.491524111106991768e+01
1.514918582141399384e+01
1.498673710599541664e+01
1.483981693908572197e+01
1.477055681124329567e+01
1.473498779162764549e+01
1.457665241882205009e+01
1.455143714696168900e+01
1.457541084662079811e+01
1.457375379651784897e+01
1.448413922637701035e+01
1.444400900602340698e+01
1.425564161688089371e+01
1.417433288320899010e+01
1.419590540230274200e+01
1.421498960629105568e+01
1.399270682036876678e+01
1.406843982636928558e+01
1.391738315671682358e+01
1.380714911594986916e+01
1.375531923770904541e+01
1.373289682343602180e+01
1.361755884438753128e+01
1.361071981862187386e+01
1.367244340106844902e+01
1.366311729699373245e+01
1.348390355333685875e+01
1.361837438121438026e+01
1.340258040651679039e+01
1.336921884864568710e+01
1.349824286252260208e+01
1.338752159848809242e+01
1.327086652442812920e+01
1.326851661130785942e+01
1.321320639178156853e+01
1.324911473318934441e+01
1.307506318390369415e+01
1.310743352025747299e+01
1.308118066191673279e+01
1.296368742734193802e+01
1.301541369035840034e+01
1.295038762316107750e+01
1.302519472688436508e+01
1.290984832867980003e+01
1.286668637767434120e+01
1.294362595304846764e+01
1.286576543748378754e+01
