3.667685532856560914e-03
2.334385421487914034e-03
2.197199353155647027e-03
2.111888319034933154e-03
2.067314027625079525e-03
1.999627044281325483e-03
1.949225217800739209e-03
1.903782974562807321e-03
1.850419462662819797e-03
1.803301290205182794e-03
1.773502772242209133e-03
1.739263527080386722e-03
1.708624401965297369e-03
1.666870475332977389e-03
1.642404789815525568e-03
1.613619698133162772e-03
1.580089953794587597e-03
1.546405593235650319e-03
1.503056148409285956e-03
1.481706580880011578e-03
1.451934248447895931e-03
1.424040787703368142e-03
1.392931499597464123e-03
1.367542185461672515e-03
1.353104083077781789e-03
1.338874727348207802e-03
1.313265572310131019e-03
1.293483418309855724e-03
1.263685822586417670e-03
1.254792796148008430e-03
1.221986581324416114e-03
1.202663161612066694e-03
1.182021908885093169e-03
1.165533584897806467e-03
1.155481392451740462e-03
1.145030254014110099e-03
1.135786375405395095e-03
1.121636982273083909e-03
1.118230796807912842e-03
1.101354881374534906e-03
1.101611800984533644e-03
1.091368028579271007e-03
1.078604068420454132e-03
1.076434030332562228e-03
1.068392981518166912e-03
1.060274345881156988e-03
1.055964449036097532e-03
1.034703772855983519e-03
1.030380033459277894e-03
1.029621401855208276e-03
1.029425618066418186e-03
1.017424451534399343e-03
1.009296711457118067e-03
9.963420915878368114e-04
1.011969660749097730e-03
1.001118043152666396e-03
9.913037367458733123e-04
9.866771416996188756e-04
9.843011216852134808e-04
9.737242764744188017e-04
9.720398895765990782e-04
9.736413391196257431e-04
9.735306477299832681e-04
9.675443704994662626e-04
9.648636610570077935e-04
9.522806691303201728e-04
9.468492239952565207e-04
9.482902740349192844e-04
9.495651039606583122e-04
9.347165544668514878e-04
9.397755395036262423e-04
9.296849136083382452e-04
9.223212502304521708e-04
9.188590005149662766e-04
9.173611772502352152e-04
9.096565694313648058e-04
9.091997206828239314e-04
9.133228724828623734e-04
9.126998862387262828e-04
9.007283602763433176e-04
9.097110475093106181e-04
8.952959523391310027e-04
8.930673913590973572e-04
9.016862299614296318e-04
8.942900199390842967e-04
8.864974298215183091e-04
8.863404549971850037e-04
8.826457175538789893e-04
8.850444043546656144e-04
8.734177143556241633e-04
8.755800614734450841e-04
8.738263635214918446e-04
8.659777840575777399e-04
8.694331122483901298e-04
8.650893535845743639e-04
8.700864881018280025e-04
8.623813178810821973e-04
8.594980880209980318e-04
8.646376722143265430e-04
8.594365689701928893e-04
