4.454823576712182466e-03
3.633818094662967166e-03
3.601518988476268019e-03
3.552762043130184861e-03
3.491509517299986980e-03
3.448720006937427366e-03
3.403929176385558919e-03
3.378920598576466271e-03
3.347568158503799046e-03
3.309515385799819461e-03
3.288128728135710551e-03
3.252612857059353820e-03
3.219296738860153145e-03
3.201188905430691570e-03
3.171111228654072568e-03
3.136485346060778612e-03
3.106100990303924895e-03
3.081198299436697062e-03
3.053489881789400555e-03
3.023483820392617108e-03
2.995081653907185476e-03
2.968978688919118522e-03
2.945658339497943517e-03
2.917208592407405376e-03
2.886363727572773159e-03
2.864591207443958377e-03
2.849357370065436473e-03
2.814769127317482463e-03
2.800799370743334120e-03
2.770333927834317880e-03
2.757324667514435019e-03
2.741935482204315138e-03
2.702694497115555160e-03
2.690815347956404622e-03
2.675714291676524123e-03
2.655708900697174510e-03
2.625527564391848690e-03
2.620567797150995248e-03
2.600376474271927450e-03
2.587374804231027618e-03
2.564829377280104534e-03
2.543423657438584860e-03
2.528941962823626644e-03
2.511092456102016323e-03
2.495102875954693239e-03
2.475519090270002654e-03
2.461236833949529117e-03
2.441333175548130677e-03
2.432045769611639475e-03
2.426264043675646891e-03
2.412767235987952827e-03
2.391996393201961408e-03
2.381783845790085268e-03
2.360504506421940655e-03
2.346221054904162710e-03
2.345942244643256774e-03
2.335215459710785358e-03
2.308892151562585721e-03
2.310380448276797959e-03
2.306762531710167610e-03
2.281637435468534484e-03
2.268275000997597123e-03
2.267243550713395842e-03
2.276171443407379400e-03
2.249183328933126915e-03
2.239430962973052580e-03
2.234391560445406731e-03
2.231707515394581055e-03
2.225265595396714712e-03
2.217303470907999122e-03
2.215077315590211274e-03
2.216589480217191245e-03
2.227290241336006560e-03
2.214280002573061450e-03
2.225182593489686677e-03
2.236682417181631074e-03
2.231651775738490665e-03
2.243071762357084706e-03
2.259324289237459558e-03
2.256291568101871647e-03
2.242866708409218483e-03
2.242453999462581862e-03
2.228752890646102953e-03
2.215786870302898729e-03
2.225606627984061218e-03
2.192976864586983297e-03
2.196675743020716064e-03
2.190725537504823340e-03
2.188172382080838703e-03
2.184984603497598741e-03
2.184528605790719922e-03
2.151070275743093008e-03
2.147190777828828032e-03
2.141335777317484104e-03
2.142958710014465119e-03
2.117962464468465134e-03
2.113677171014603957e-03
2.105484586874289098e-03
2.108871432886059907e-03
2.103556391029130865e-03
2.097860112276282891e-03
2.078361221079137993e-03
2.086187994462393707e-03
2.067679707847890330e-03
2.062260580714792013e-03
2.056902965220312306e-03
2.061455119733831588e-03
2.047567010214108776e-03
2.028104829202805135e-03
2.046344780163573355e-03
2.023839432790520802e-03
2.032848917657420831e-03
2.022436054401277172e-03
2.012447828781746897e-03
2.005209107439787520e-03
2.007401966312456505e-03
1.995378610168007175e-03
1.982317040563516888e-03
1.983984876867561035e-03
1.972134971237253769e-03
1.968197939207866082e-03
1.973381999414414254e-03
1.968821037250260541e-03
1.969833775711733823e-03
1.957981744670264819e-03
1.962848124648666065e-03
1.951496473823984435e-03
1.966406865089777127e-03
1.956379859863470200e-03
1.944712306638913396e-03
1.958859608774738813e-03
1.935034646053931462e-03
1.945860798670245168e-03
1.943426333656091088e-03
1.950155686409700420e-03
1.937384565826505336e-03
1.942844852982532474e-03
1.951340625860861376e-03
1.939613291151112088e-03
1.919629853884024205e-03
1.946799482019352092e-03
1.930267668683968924e-03
1.926146913874184768e-03
1.920654554296994526e-03
1.913782311714298627e-03
1.917218505626633058e-03
1.913926611277496541e-03
1.921314154640727011e-03
1.922175093620483470e-03
1.921113924722054256e-03
1.900893290128026708e-03
1.914205812361268735e-03
1.904031006796729018e-03
1.892291963477397195e-03
1.910530540737367770e-03
1.904819473358137279e-03
1.900653260582614492e-03
1.889935961281437185e-03
1.892201965563886264e-03
1.897482109433483574e-03
1.892898786657800378e-03
1.906388435911919371e-03
1.892698536227856339e-03
1.884075515859183741e-03
1.886229144431473192e-03
1.879396492482296021e-03
1.889358809594774520e-03
1.891606399190745233e-03
1.898379422103365233e-03
1.870589851889581856e-03
1.888144670963464713e-03
1.894834147588837607e-03
1.883400235480318539e-03
1.880800262248764334e-03
1.886911540558295622e-03
1.871003779316587163e-03
1.872700356346155854e-03
1.861891257465772727e-03
1.885108378649290014e-03
1.862064075456666169e-03
1.863594907557680584e-03
1.855367235839366826e-03
1.856149368298550375e-03
1.859205905791549464e-03
1.856313954617473238e-03
1.866830830528799908e-03
1.857677105969439023e-03
1.866447064648604206e-03
1.863789724163888387e-03
1.866815885018912073e-03
1.867590739303046652e-03
1.843208249747043618e-03
1.857107172587088269e-03
1.869375874022288081e-03
1.866875326682236862e-03
1.853081847851475138e-03
1.846617377097053286e-03
1.856701930297449850e-03
1.859814494049974757e-03
1.849218566037182316e-03
1.836637865441540819e-03
1.849860625363708997e-03
1.840084633745607936e-03
1.843161607671174292e-03
1.845763466830941790e-03
1.840706598678869830e-03
1.830986620570045163e-03
1.853476962008114397e-03
1.842857532513638265e-03
1.841923550126098406e-03
1.846261691146840580e-03
1.832162492376353041e-03
1.842296073057999315e-03
1.836834409429381320e-03
1.830655938413526399e-03
1.830087607682106014e-03
1.835124048271349418e-03
1.837036192661062675e-03
1.820878842512943909e-03
1.827427934456084518e-03
1.839617091519314684e-03
1.840769394766539249e-03
1.832395301400018559e-03
1.827360223978757945e-03
1.836439906730360973e-03
1.813232253438660157e-03
1.819526862042645512e-03
1.824651084773774639e-03
1.813112201523922737e-03
1.814869351108514212e-03
1.816236906840155421e-03
1.814428812247656595e-03
1.812106770064149559e-03
1.826255881626691075e-03
1.807042114835764619e-03
1.813334295903110821e-03
1.819273280645055529e-03
1.819745747239461930e-03
1.812423796149059511e-03
1.820036100911065231e-03
1.799024812256296490e-03
1.811396966444417172e-03
1.808483508925530243e-03
1.810271331175629687e-03
1.808784322236620329e-03
1.810946493476097135e-03
1.818426113043512642e-03
1.801442739642447003e-03
1.798049499103355998e-03
1.805417669848317138e-03
1.817328721240517612e-03
1.794907210638657874e-03
1.791878939340157094e-03
1.803162751076299542e-03
1.806164393201470375e-03
1.795569601069603709e-03
1.798270016886471204e-03
1.810243397041977863e-03
1.797492506115564315e-03
1.803357981788438098e-03
1.797580009415036253e-03
1.787356089889293636e-03
1.799670410054248111e-03
1.788768160068208296e-03
1.808745564804190671e-03
1.799338971198137255e-03
1.795456420430647506e-03
1.784264215911250716e-03
1.792402607610537853e-03
1.787395830199654681e-03
1.799463280587501428e-03
1.779373104329265388e-03
1.784010561338315393e-03
1.802453455249113665e-03
1.793874367251105167e-03
1.778570433989876739e-03
1.796356832519883148e-03
1.782784930851665211e-03
1.783307330749396872e-03
1.776554623419152740e-03
1.788131027327229550e-03
1.781072769691014563e-03
1.788256710971750010e-03
1.777475166489325730e-03
1.764243108309095824e-03
1.776157347818038256e-03
1.767370085941538920e-03
1.773980165099991275e-03
1.775190115551508524e-03
1.781054342254286774e-03
1.769336558590155293e-03
1.780600795367111820e-03
1.770254752288262035e-03
1.769974557793743599e-03
1.776922973693304160e-03
1.777771333720357593e-03
1.776779384263569347e-03
1.774069131352007476e-03
1.760768530602078996e-03
1.759806272595943475e-03
1.768911047284269563e-03
1.755457889798673742e-03
1.769804270450203287e-03
1.766492386481591671e-03
1.765989059848444703e-03
1.761699196261664289e-03
1.764756912321206999e-03
1.766386803328281281e-03
1.768472399340853887e-03
1.766029383344132168e-03
1.773740629488158860e-03
1.760410746404280193e-03
1.760555103620780378e-03
1.765093138618838327e-03
1.758263318888133491e-03
1.762708229389751318e-03
1.768910273399558909e-03
1.770732033487764116e-03
1.771161459674615258e-03
1.768270274069869835e-03
1.749159003763149211e-03
1.757414619593570572e-03
1.751857701622481795e-03
1.759379025593045195e-03
1.767928004153959719e-03
1.755280743375243211e-03
1.755078621430411229e-03
1.748914987824502386e-03
1.754799700297770106e-03
1.758924141592745375e-03
1.753024941509855701e-03
1.751202629834768421e-03
1.757899750511915903e-03
1.747215988247522323e-03
1.761967067917188066e-03
1.752706091584903866e-03
1.751278751596276311e-03
1.751496396692735907e-03
1.747154817539488909e-03
1.760713020450479973e-03
1.762040361340734117e-03
1.747331987800342795e-03
1.749465153885207055e-03
1.751172950025647835e-03
1.756207469207722452e-03
1.754975226330792630e-03
1.749779026223612609e-03
1.753330219625717128e-03
1.737360286504207587e-03
1.741881844299357669e-03
1.742601975621212163e-03
1.741831608316195918e-03
1.744702458936011474e-03
1.734420963163886727e-03
1.744120412262245221e-03
1.740350875271750360e-03
1.746560794500900266e-03
1.738238370689075595e-03
1.738640393263527276e-03
1.742153582606641941e-03
1.742334637813092602e-03
1.735058145242787458e-03
1.745881261636636093e-03
1.746356104212325308e-03
1.725567783051658137e-03
1.741498401610269524e-03
1.729774348149519525e-03
1.744167293266703700e-03
1.746187769874398129e-03
1.738466126179056496e-03
1.733312503589938070e-03
1.728336182644679350e-03
1.730521566544969848e-03
1.747011199837461819e-03
1.734199236324500404e-03
1.744314774848698072e-03
1.734686730473878908e-03
1.723809632295299210e-03
1.738090593079548440e-03
1.734358947058873461e-03
1.725162549631758862e-03
1.729360778838218626e-03
1.727435653031404597e-03
1.728639731161473727e-03
1.727932939372424630e-03
1.737427800738563068e-03
1.729328384334665033e-03
1.722880970087966755e-03
1.724359914216966848e-03
1.722002835456459260e-03
1.739055825774336048e-03
1.726548827164584715e-03
1.729146612342447129e-03
1.723826523049778970e-03
1.740266027904692090e-03
1.741115339765591206e-03
1.724236275047241144e-03
1.725848422696193030e-03
1.724982323745886557e-03
1.744978270116483978e-03
1.721727838074522260e-03
1.712720563990019658e-03
1.724334539557319289e-03
1.727828887912134272e-03
1.722459755061815125e-03
1.714990519186747851e-03
1.720422739717399844e-03
1.714547726857875180e-03
1.710147141767222280e-03
1.730186771047079793e-03
1.722210703328961321e-03
1.711843918365914133e-03
1.724506733894703037e-03
1.726387525420813428e-03
1.715177360234693442e-03
1.716815704102849600e-03
1.711667765907588486e-03
1.722083060580882228e-03
1.717421949087154362e-03
1.710970608872317174e-03
1.707508037465491372e-03
1.716630867615874349e-03
1.710572680791041644e-03
1.714937425484614700e-03
1.715404722130014874e-03
1.714771011445139241e-03
1.718951598741114226e-03
1.709773106544855122e-03
1.707628286731917170e-03
1.720639942435636411e-03
1.716344147211029464e-03
1.719040225725620942e-03
1.709969630575783198e-03
1.712098026958604625e-03
1.716485784189509568e-03
1.705077487332302922e-03
1.709530324054260976e-03
1.707570341282657134e-03
1.718216935460943574e-03
1.708301343023777095e-03
1.701090710481540074e-03
1.716307820087032603e-03
1.709305166289032830e-03
1.705071113870612219e-03
1.699792660794974828e-03
1.695705384259954844e-03
1.707048927034650505e-03
1.705451673340229683e-03
1.719779347712617652e-03
1.705605946370356224e-03
1.709457637099105623e-03
1.708715609718291454e-03
1.706107137613885457e-03
1.700359652195835344e-03
1.695028145331889434e-03
1.698626669877696671e-03
1.705186141632674800e-03
1.702763111374917468e-03
1.697778618074066584e-03
1.692668296441080921e-03
1.711723351451967419e-03
1.716604409739375071e-03
1.697207186260216291e-03
1.698952973709397284e-03
1.696718306214149577e-03
1.689080188294783983e-03
1.694341908608164001e-03
1.700362940651497633e-03
1.699415581034762531e-03
1.700388351898817754e-03
1.699044039317717083e-03
1.701848830894700211e-03
1.689010549203625840e-03
1.685422423872209689e-03
1.697508580539198227e-03
1.698948378630337191e-03
1.690278227241443680e-03
1.698915417572217316e-03
1.686217476214681458e-03
1.694220790107335431e-03
1.705604541625472658e-03
1.687647910633434780e-03
1.687944217562852966e-03
1.694080853346912599e-03
1.680479123301449260e-03
1.681757662888793640e-03
1.699312265762793197e-03
1.687097873738301577e-03
1.695401044673330816e-03
1.690161291376820595e-03
1.696907487764422488e-03
1.684269045169154832e-03
1.689564927281545772e-03
1.704715080891868817e-03
1.691218406804615576e-03
1.695500494956615365e-03
1.682885850979281249e-03
1.681861169414506068e-03
1.685139383854610635e-03
1.689124309701756392e-03
