7.092762289568781853e+00
4.165538236498832703e+00
4.115302758291363716e+00
3.869505117647349834e+00
3.814000929705798626e+00
3.731207554228603840e+00
3.672602980397641659e+00
3.462004418484866619e+00
3.316490456461906433e+00
3.177710938267409801e+00
3.145421099849045277e+00
3.076484215445816517e+00
3.039720793254673481e+00
2.906835946254432201e+00
2.808582446537911892e+00
2.797527608461678028e+00
2.733603253960609436e+00
2.751538169570267200e+00
2.743753873743116856e+00
2.759049582295119762e+00
2.738898647017776966e+00
2.688692440278828144e+00
2.767383321188390255e+00
2.677915770560503006e+00
2.703052693046629429e+00
2.662663457915186882e+00
2.639358823187649250e+00
2.619787860661745071e+00
2.627408738248050213e+00
2.727943578734993935e+00
2.617163483053445816e+00
2.637567115947604179e+00
2.619133464992046356e+00
2.452600714750587940e+00
2.361530030611902475e+00
2.120879548601806164e+00
2.013176332227885723e+00
1.920816782396286726e+00
1.777338361833244562e+00
1.747841631993651390e+00
1.806590347550809383e+00
1.776637675706297159e+00
1.609282654710114002e+00
1.678337167948484421e+00
1.558871258050203323e+00
1.528341935481876135e+00
1.600247706752270460e+00
1.495400102809071541e+00
1.480600680457428098e+00
1.491715118521824479e+00
1.497010794701054692e+00
1.355613775551319122e+00
1.311333725927397609e+00
1.349231844302266836e+00
1.373543867375701666e+00
1.283498061588034034e+00
1.259163698414340615e+00
1.191730651771649718e+00
1.186252249171957374e+00
1.130449866177514195e+00
1.192782600875943899e+00
1.181614544708281755e+00
1.111352867912501097e+00
1.256250377045944333e+00
1.197194107808172703e+00
1.115972413448616862e+00
1.131645639659836888e+00
1.104932643938809633e+00
1.025507991435006261e+00
1.087033255491405725e+00
1.000695119146257639e+00
1.080413667252287269e+00
1.019595011835917830e+00
1.127932819072157145e+00
1.012292447499930859e+00
9.454026820603758097e-01
9.787260440643876791e-01
9.885250772349536419e-01
9.200825144071131945e-01
1.078213327797129750e+00
9.545029348228126764e-01
9.456240765284746885e-01
9.319102906156331301e-01
9.607593260006979108e-01
8.511389755876734853e-01
9.007335652131587267e-01
8.867930099368095398e-01
9.037720689084380865e-01
8.775450106477364898e-01
8.455852292245253921e-01
9.631386795081198215e-01
8.609990525292232633e-01
8.424689891980960965e-01
8.321861816802993417e-01
8.738467703806236386e-01
8.269827443873509765e-01
7.859975430183112621e-01
7.528381104348227382e-01
8.802446416812017560e-01
8.162379239220172167e-01
