4.737984161368591764e-04
2.782590672343909538e-04
2.749033238671585761e-04
2.584839757947461646e-04
2.547762812094721730e-04
2.492456616051171438e-04
2.453308604140041344e-04
2.312628202060699014e-04
2.215424486614500069e-04
2.122719397640220409e-04
2.101149699297959455e-04
2.055099676316510617e-04
2.030541612060570052e-04
1.941774179194677441e-04
1.876140578849640574e-04
1.868755917476070804e-04
1.826054277862798603e-04
1.838034849412336150e-04
1.832834919000078005e-04
1.843052493183112810e-04
1.829591614574333413e-04
1.796053734321194546e-04
1.848619453031656915e-04
1.788854890153976666e-04
1.805646421540834626e-04
1.778666304552563001e-04
1.763098746284334892e-04
1.750025291023209867e-04
1.755116057613928093e-04
1.822273599689374724e-04
1.748272199768500883e-04
1.761901881060523871e-04
1.749588152967298822e-04
1.638343830828715942e-04
1.577508370482232818e-04
1.416753205478828485e-04
1.344807169156904414e-04
1.283110743083691759e-04
1.187266774771706507e-04
1.167562880423280857e-04
1.206807179392658207e-04
1.186798714566664794e-04
1.075005113366809617e-04
1.121133712724438483e-04
1.041330165698198577e-04
1.020936496647879897e-04
1.068969743989492643e-04
9.989312644015173846e-05
9.890452107264049411e-05
9.964696850513190195e-05
1.000007210889148073e-04
9.055536242827783532e-05
8.759744328172328043e-05
9.012904771558228950e-05
9.175309735308628638e-05
8.573801346613453686e-05
8.411247150396397544e-05
7.960792597005007885e-05
7.924196721255560751e-05
7.551435311807042430e-05
7.967819645129886423e-05
7.893216731518248365e-05
7.423866853122919850e-05
8.391786085811251317e-05
7.997288629313110270e-05
7.454725540738923789e-05
7.559423110620152643e-05
7.380979585429590136e-05
6.850420784468980303e-05
7.261411192327359339e-05
6.684670134577539087e-05
7.217192166013942705e-05
6.810921922751622128e-05
7.534621369887488666e-05
6.762140597861930190e-05
6.315315177424019922e-05
6.537916126014613140e-05
6.603373929425207425e-05
6.146175780942640286e-05
7.202493839660185210e-05
6.376105109036825217e-05
6.316794098386604940e-05
6.225185642054998031e-05
6.417897969276539717e-05
5.685631099450056390e-05
6.016924283321033320e-05
5.923801001581894171e-05
6.037221569194643110e-05
5.862024119223356876e-05
5.648531925347531223e-05
6.433792114282697698e-05
5.751496676881918637e-05
5.627715358704717038e-05
5.559025929728118485e-05
5.837319775421667326e-05
5.524266829574822607e-05
5.250484589300676730e-05
5.028978693619390116e-05
5.880057726661334189e-05
5.452491141763641879e-05
