1.432930654287338257e+01
8.618516448885202408e+00
8.240652307868003845e+00
7.453058019280433655e+00
6.846494378522038460e+00
6.563431045040488243e+00
6.296583514660596848e+00
6.122742641717195511e+00
6.004827428609132767e+00
5.851120457053184509e+00
5.709460435435175896e+00
5.510662218555808067e+00
5.386748576536774635e+00
5.243320204317569733e+00
5.040464503690600395e+00
4.870106982067227364e+00
4.728066869080066681e+00
4.578421950340270996e+00
4.459353789687156677e+00
4.334450084716081619e+00
4.175270174629986286e+00
3.932998079806566238e+00
3.776730348356068134e+00
3.568685143254697323e+00
3.510441408492624760e+00
3.275964860804378986e+00
3.040007328614592552e+00
2.950418724678456783e+00
2.749186739325523376e+00
2.706818131729960442e+00
2.533721330575644970e+00
2.382206272333860397e+00
2.371874236967414618e+00
2.292403015773743391e+00
2.180275995284318924e+00
2.098133941646665335e+00
1.982624081429094076e+00
1.982813930138945580e+00
1.859666921664029360e+00
1.833522291388362646e+00
1.816055743489414454e+00
1.669981249142438173e+00
1.672951089218258858e+00
1.745349193457514048e+00
1.957212592475116253e+00
1.837279920466244221e+00
1.787236067466437817e+00
1.813592445105314255e+00
1.641993272118270397e+00
1.702366113662719727e+00
1.663472760003060102e+00
1.561106663430109620e+00
1.576182643882930279e+00
1.641700355336070061e+00
1.587084079859778285e+00
1.488245224114507437e+00
1.559616100508719683e+00
1.477024944731965661e+00
1.553892168914899230e+00
1.478277381975203753e+00
1.402750841341912746e+00
1.439366368111222982e+00
1.428106622071936727e+00
1.526311260182410479e+00
1.374978412641212344e+00
1.345664699794724584e+00
1.388091946719214320e+00
1.378411036217585206e+00
1.390602882485836744e+00
1.439373138360679150e+00
1.370456123026087880e+00
1.372758090496063232e+00
1.305171326035633683e+00
1.337598324287682772e+00
1.345063316402956843e+00
1.484305138932541013e+00
1.305559596279636025e+00
1.278076251037418842e+00
1.410797976655885577e+00
1.327838043915107846e+00
1.406564984004944563e+00
1.349514794535934925e+00
1.298117761965841055e+00
1.299048423301428556e+00
1.390893320553004742e+00
1.308260938152670860e+00
1.329624435864388943e+00
1.413520828355103731e+00
1.329195057507604361e+00
1.335852348944172263e+00
1.311253761872649193e+00
1.344548958586528897e+00
1.275669719558209181e+00
1.375411032233387232e+00
1.391718180151656270e+00
1.426060305675491691e+00
1.314461742760613561e+00
1.465524422004818916e+00
1.438796491362154484e+00
1.300754602998495102e+00
