9.572015058699654636e-04
5.757192016623381226e-04
5.504777760766869183e-04
4.978662671530015640e-04
4.573476538758876634e-04
4.384389475644948921e-04
4.206134612331728227e-04
4.090008444700865445e-04
4.011240767273969955e-04
3.908564099567925524e-04
3.813934826610004131e-04
3.681137086543626123e-04
3.598362442576335846e-04
3.502551906691763568e-04
3.367043756640347718e-04
3.253244476998816068e-04
3.158361301990692481e-04
3.058398096419686729e-04
2.978860246952008272e-04
2.895424238287295452e-04
2.789091633019363001e-04
2.627253226323691742e-04
2.522865964165710274e-04
2.383891211258982762e-04
2.344984240810036615e-04
2.188353280430447017e-04
2.030733018446621515e-04
1.970887591635575597e-04
1.836464087725800582e-04
1.808161744642592132e-04
1.692532618955006616e-04
1.591320155199639561e-04
1.584418327967544867e-04
1.531331339862220052e-04
1.456430190570687363e-04
1.401559079256289549e-04
1.324398183987370817e-04
1.324525003432829441e-04
1.242262472721462397e-04
1.224797789838585557e-04
1.213130089171285598e-04
1.115551936634895266e-04
1.117535797740987918e-04
1.165897924821318696e-04
1.307423241466343551e-04
1.227307896103035597e-04
1.193878468581454722e-04
1.211484599268747016e-04
1.096855893198577425e-04
1.137185112667147397e-04
1.111204248499038128e-04
1.042823422465003071e-04
1.052894217690668164e-04
1.096660224005390822e-04
1.060176406051956105e-04
9.941517863156362495e-05
1.041827722450714512e-04
9.866566097073919224e-05
1.038004120851636157e-04
9.874932411324005728e-05
9.370413101816384334e-05
9.615005799006165195e-05
9.539790394602115284e-05
1.019580000121850656e-04
9.184892536013443051e-05
8.989076150933364038e-05
9.272491294049528435e-05
9.207822553223681547e-05
9.289264412063037268e-05
9.615051024453434721e-05
9.154683520548348940e-05
9.170060724756601256e-05
8.718579332235362332e-05
8.935192547011908376e-05
8.985058893807326523e-05
9.915197988861329786e-05
8.721172987839920395e-05
8.537583507263986414e-05
9.424168180734038432e-05
8.869993613327373542e-05
9.395891676719736419e-05
9.014794886679591585e-05
8.671461335777161980e-05
8.677678178366255715e-05
9.291204546112255850e-05
8.739218023731936541e-05
8.881926759281154771e-05
9.442356902839704746e-05
8.879058500384798486e-05
8.923529385064610871e-05
8.759210166149960998e-05
8.981622969849891835e-05
8.521507812680087610e-05
9.187782446448812350e-05
9.296714630271585224e-05
9.526120946396069756e-05
8.780639564199155950e-05
9.789742297961381953e-05
9.611199007095219931e-05
8.689075504331964525e-05
