6.017894321680068970e+01
4.890258522331714630e+01
4.864353740215301514e+01
4.828156313300132751e+01
4.774696320295333862e+01
4.703291712701320648e+01
4.623168271780014038e+01
4.566934505105018616e+01
4.528041680157184601e+01
4.481334750354290009e+01
4.455862626433372498e+01
4.419555315375328064e+01
4.381924100220203400e+01
4.357860527932643890e+01
4.323925295472145081e+01
4.299132567644119263e+01
4.275435826182365417e+01
4.253151382505893707e+01
4.197730585932731628e+01
4.173270553350448608e+01
4.152191317081451416e+01
4.119728209078311920e+01
4.079570175707340240e+01
4.054613268375396729e+01
4.023975478112697601e+01
3.997010049223899841e+01
3.970290324091911316e+01
3.934457907080650330e+01
3.916180655360221863e+01
3.880452844500541687e+01
3.866394713521003723e+01
3.825550866127014160e+01
3.794105267524719238e+01
3.779971121251583099e+01
3.739029030501842499e+01
3.717823335528373718e+01
3.682061639428138733e+01
3.642436188459396362e+01
3.629804976284503937e+01
3.586748090386390686e+01
3.579147747159004211e+01
3.548452612757682800e+01
3.525155615806579590e+01
3.492315299808979034e+01
3.470150637626647949e+01
3.462586440145969391e+01
3.451856839656829834e+01
3.417121994495391846e+01
3.389155860245227814e+01
3.369372931122779846e+01
3.358492337167263031e+01
3.324200560152530670e+01
3.292563410103321075e+01
3.268924070894718170e+01
3.249263997375965118e+01
3.225311233103275299e+01
3.226498673856258392e+01
3.211151078343391418e+01
3.169591768085956573e+01
3.180532673001289368e+01
3.158324193954467773e+01
3.136838549375534058e+01
3.131014813482761383e+01
3.111035987734794617e+01
3.103174620121717453e+01
3.100857487320899963e+01
3.089214503765106201e+01
3.086739821732044220e+01
3.076568648219108582e+01
3.069415619969367981e+01
3.059278137236833572e+01
3.061519806832075119e+01
3.052306939661502838e+01
3.074305211007595062e+01
3.088070124387741089e+01
3.085619734227657318e+01
3.099398177862167358e+01
3.111228370666503906e+01
3.138760340213775635e+01
3.123991909623146057e+01
3.102129384875297546e+01
3.101188689470291138e+01
3.094246125221252441e+01
3.056822280585765839e+01
3.056124331057071686e+01
3.040579274296760559e+01
3.064506018161773682e+01
3.044664871692657471e+01
3.032813230156898499e+01
2.995109295845031738e+01
3.031666579842567444e+01
3.012092151492834091e+01
2.988889490813016891e+01
2.969886912405490875e+01
2.973509356379508972e+01
2.950458148866891861e+01
2.961577011644840240e+01
2.932955219596624374e+01
2.930797525495290756e+01
2.932417318969964981e+01
2.904867105185985565e+01
2.919870195537805557e+01
2.881416124850511551e+01
2.889945545792579651e+01
2.870865046977996826e+01
2.838874121010303497e+01
2.849121152609586716e+01
2.821674303710460663e+01
2.830611217021942139e+01
2.843851944804191589e+01
2.809486634284257889e+01
2.820905525982379913e+01
2.800225029885768890e+01
2.786167238652706146e+01
2.763059009611606598e+01
2.748382393270730972e+01
2.768798743933439255e+01
2.761712948977947235e+01
2.759022107720375061e+01
2.749331651628017426e+01
2.732163908332586288e+01
2.726254261285066605e+01
2.717522259056568146e+01
2.730266730487346649e+01
2.717279054224491119e+01
2.715452299267053604e+01
2.703886075317859650e+01
2.697299952805042267e+01
2.699972847849130630e+01
2.697146911174058914e+01
2.691372986882925034e+01
2.693590127676725388e+01
2.692174629867076874e+01
2.672102703899145126e+01
2.668959933519363403e+01
2.681199011206626892e+01
2.669856841862201691e+01
2.690637037158012390e+01
2.686586213111877441e+01
2.660529337078332901e+01
2.661594396829605103e+01
2.666085343807935715e+01
2.672471296042203903e+01
2.659409476071596146e+01
2.680983334779739380e+01
2.644583293795585632e+01
2.650193106383085251e+01
2.652590658515691757e+01
2.624160306900739670e+01
2.660864272713661194e+01
2.664019505679607391e+01
2.663242278993129730e+01
2.650635401904582977e+01
2.634243324398994446e+01
2.630973283946514130e+01
2.630590160936117172e+01
2.616152833402156830e+01
2.634620334953069687e+01
2.631619796901941299e+01
2.614813056588172913e+01
2.616411474347114563e+01
2.653283311426639557e+01
2.601567516475915909e+01
2.617699363827705383e+01
2.608478539437055588e+01
2.598567754775285721e+01
2.622471591085195541e+01
2.596014843136072159e+01
2.618497554212808609e+01
2.601649833470582962e+01
2.589267310500144958e+01
2.593549160659313202e+01
2.593469611555337906e+01
2.591685639321804047e+01
2.599410603195428848e+01
2.598689241707324982e+01
2.571816367655992508e+01
2.599186530709266663e+01
2.580508055537939072e+01
2.569184349477291107e+01
2.576250487565994263e+01
2.591240128129720688e+01
2.567421418428421021e+01
2.578610245138406754e+01
2.577040933072566986e+01
2.573173543810844421e+01
2.579704931378364563e+01
2.563414456695318222e+01
2.561940892040729523e+01
2.569307023286819458e+01
2.554606094956398010e+01
2.556100211292505264e+01
2.555177076160907745e+01
2.544774550199508667e+01
2.535200808942317963e+01
2.551648071408271790e+01
2.548793242126703262e+01
2.554768929630517960e+01
2.551349394768476486e+01
2.531467543542385101e+01
2.557105089724063873e+01
2.547454562783241272e+01
2.544255025684833527e+01
2.552441868931055069e+01
2.531870067864656448e+01
2.531178771704435349e+01
2.532478942722082138e+01
2.525943350046873093e+01
2.540711987018585205e+01
2.530003891885280609e+01
2.518172256648540497e+01
2.519344284385442734e+01
2.541414137929677963e+01
2.535591316968202591e+01
2.518891303986310959e+01
2.526457276195287704e+01
2.519097409397363663e+01
2.522558795660734177e+01
2.541002456098794937e+01
2.521483350545167923e+01
2.521018079668283463e+01
2.524507348239421844e+01
2.523573078960180283e+01
2.521103809773921967e+01
2.522675009071826935e+01
2.536630687862634659e+01
2.511024364829063416e+01
2.520868463814258575e+01
2.505252707749605179e+01
2.517844198644161224e+01
2.516414831578731537e+01
2.508625995367765427e+01
2.499313628673553467e+01
2.503817199915647507e+01
2.509687951952219009e+01
2.514304511994123459e+01
2.498982845991849899e+01
2.513287401199340820e+01
2.493467881530523300e+01
2.490637537837028503e+01
2.490434808284044266e+01
2.496181517839431763e+01
2.493501134216785431e+01
2.513259333372116089e+01
2.491187449544668198e+01
2.493309996277093887e+01
2.480323898792266846e+01
2.482429591566324234e+01
2.497587370127439499e+01
2.504456628859043121e+01
2.477357766777276993e+01
2.497873147577047348e+01
2.493396800011396408e+01
2.492023282498121262e+01
2.482177271693944931e+01
2.480086431652307510e+01
2.474403446912765503e+01
2.485116750001907349e+01
2.492739223688840866e+01
2.465450723469257355e+01
2.472222489863634109e+01
2.492709419876337051e+01
2.484190898388624191e+01
2.481663928180932999e+01
2.460166332125663757e+01
2.462942949682474136e+01
2.448247563093900681e+01
2.482480131089687347e+01
2.473181658983230591e+01
2.453535380959510803e+01
2.465316545963287354e+01
2.468182822316884995e+01
2.488547751307487488e+01
2.467031507194042206e+01
2.476264261454343796e+01
2.463710979372262955e+01
2.466582727432250977e+01
2.457888817787170410e+01
2.458738564699888229e+01
2.460755173861980438e+01
2.466046481579542160e+01
2.455964063853025436e+01
2.462229571491479874e+01
2.446552775800228119e+01
2.467024061828851700e+01
2.452708102017641068e+01
2.440816173702478409e+01
2.429228041321039200e+01
2.464391328394412994e+01
2.437620509415864944e+01
2.456463702023029327e+01
2.453817080706357956e+01
2.434208167344331741e+01
2.430796651542186737e+01
2.446111781895160675e+01
2.440089656412601471e+01
2.438657037913799286e+01
2.429021701216697693e+01
2.446625312417745590e+01
2.438169700652360916e+01
2.416626331210136414e+01
2.445123697072267532e+01
2.439948560297489166e+01
2.450765296071767807e+01
2.429379498958587646e+01
2.453012058138847351e+01
2.432333701848983765e+01
2.430864684283733368e+01
2.430336359888315201e+01
2.430800120532512665e+01
2.433105708658695221e+01
2.431728929281234741e+01
2.421651260554790497e+01
2.414891005307435989e+01
2.433931848406791687e+01
2.426695580780506134e+01
2.409175688028335571e+01
2.425032829493284225e+01
2.430442732572555542e+01
2.431119018793106079e+01
2.430304849147796631e+01
2.413979614526033401e+01
2.428471419215202332e+01
2.411580628156661987e+01
2.418655463308095932e+01
2.414053232967853546e+01
2.420236460864543915e+01
2.421321978420019150e+01
2.427514433115720749e+01
2.410450989753007889e+01
2.421489974111318588e+01
2.410397240519523621e+01
2.430331887304782867e+01
2.416478019207715988e+01
2.415518682450056076e+01
2.410396607220172882e+01
2.415327969193458557e+01
2.422539927065372467e+01
2.403296098858118057e+01
2.400583369284868240e+01
2.402349596470594406e+01
2.404589752107858658e+01
2.398419369012117386e+01
2.408185090124607086e+01
2.406694375723600388e+01
2.410646834969520569e+01
2.396694085001945496e+01
2.397802133113145828e+01
2.401594236493110657e+01
2.408818886429071426e+01
2.406780598312616348e+01
2.399572142213582993e+01
2.395909692347049713e+01
2.401781451702117920e+01
2.384626000374555588e+01
2.394005646556615829e+01
2.395288305729627609e+01
2.407090876251459122e+01
2.393282320350408554e+01
2.393153895437717438e+01
2.392768107354640961e+01
2.374485754966735840e+01
2.391477020829916000e+01
2.390517244488000870e+01
2.399111154675483704e+01
2.386844471096992493e+01
2.382166463881731033e+01
2.380949081480503082e+01
2.399784722924232483e+01
2.382471305876970291e+01
2.385736443847417831e+01
2.387938341498374939e+01
2.379051514714956284e+01
2.384089220315217972e+01
2.374723958224058151e+01
2.387003970146179199e+01
2.379706719517707825e+01
2.387203222513198853e+01
2.376177775859832764e+01
2.373501203954219818e+01
2.396501082926988602e+01
2.390944667905569077e+01
2.384840272367000580e+01
2.373940185457468033e+01
2.376203856617212296e+01
2.379768399894237518e+01
2.380956006795167923e+01
2.370847792923450470e+01
2.398858779668807983e+01
2.389417182654142380e+01
2.377304551005363464e+01
2.366284202784299850e+01
2.378301663696765900e+01
2.378937868028879166e+01
2.380501996725797653e+01
2.381318253278732300e+01
2.376954490691423416e+01
2.379907331615686417e+01
2.372867704182863235e+01
2.362391731888055801e+01
2.370304943621158600e+01
2.362696202099323273e+01
2.381061752885580063e+01
2.365030624717473984e+01
2.360693851858377457e+01
2.365266042202711105e+01
2.361240903288125992e+01
2.386844185739755630e+01
2.369623697549104691e+01
2.364223620295524597e+01
2.367618418484926224e+01
2.366975793987512589e+01
2.400106330960988998e+01
2.386006734520196915e+01
2.372595518082380295e+01
2.373242767155170441e+01
2.368919152021408081e+01
2.357470952719449997e+01
2.369823460280895233e+01
2.354916179180145264e+01
2.371757771074771881e+01
2.355120386928319931e+01
2.355845333635807037e+01
2.363782522827386856e+01
2.362053940445184708e+01
2.339604739099740982e+01
2.351234147697687149e+01
2.363434568047523499e+01
2.351059497147798538e+01
2.356089048832654953e+01
2.367831666022539139e+01
2.359833464026451111e+01
2.350707405805587769e+01
2.353816054761409760e+01
2.359886309504508972e+01
2.341964279115200043e+01
2.341024883091449738e+01
2.346213742345571518e+01
2.364280872792005539e+01
2.356615766882896423e+01
2.351979837566614151e+01
2.357806953787803650e+01
2.334067541360855103e+01
2.347812193632125854e+01
2.353170577436685562e+01
2.341977618634700775e+01
2.348962778598070145e+01
2.352322004735469818e+01
2.359275669604539871e+01
2.355864080041646957e+01
2.343774484097957611e+01
2.358243954926729202e+01
2.350697803497314453e+01
2.343721839785575867e+01
2.344083255529403687e+01
2.337570292502641678e+01
2.352371283620595932e+01
2.357476458698511124e+01
2.344724769890308380e+01
2.342661739140748978e+01
2.348195589333772659e+01
2.349742670357227325e+01
2.339581260830163956e+01
2.353408533334732056e+01
2.340276212245225906e+01
2.341890049725770950e+01
2.351600275933742523e+01
2.342666039615869522e+01
2.337299170345067978e+01
2.351928324997425079e+01
2.330483547598123550e+01
2.339428780972957611e+01
2.338601350039243698e+01
2.343066442012786865e+01
2.340785425156354904e+01
2.342669405788183212e+01
2.344023263454437256e+01
2.340493726730346680e+01
2.333461333066225052e+01
2.341825772821903229e+01
2.333723001182079315e+01
2.340266140550374985e+01
2.350325901806354523e+01
2.335713772475719452e+01
2.336673418432474136e+01
2.334027408063411713e+01
2.328718886524438858e+01
2.340801605582237244e+01
2.350027068704366684e+01
2.334716980159282684e+01
2.343572854995727539e+01
2.346834678202867508e+01
2.334612172096967697e+01
2.322014544159173965e+01
2.331152647733688354e+01
2.335033233463764191e+01
2.333457456529140472e+01
2.327032832056283951e+01
2.327837114781141281e+01
2.324595430493354797e+01
