4.707673981430984984e-03
3.623027167105603678e-03
3.568754611270768314e-03
3.511967606443379408e-03
3.458098156954206304e-03
3.412300807290843604e-03
3.366224998829975019e-03
3.327116536508713512e-03
3.297692096038233860e-03
3.256901244943340764e-03
3.229890352425475973e-03
3.183998589936111630e-03
3.149737419915341324e-03
3.112799422593698611e-03
3.086714271367305747e-03
3.060912070352406894e-03
3.031022744696764727e-03
3.004255651363304819e-03
2.976619518761124128e-03
2.942599328456535143e-03
2.926375022867605969e-03
2.899179262818680006e-03
2.894218488862471822e-03
2.862338076478668746e-03
2.831266555447308625e-03
2.810632108178522104e-03
2.786080875167889354e-03
2.763626502738112355e-03
2.739488504206140807e-03
2.713264220039404619e-03
2.694942859844082737e-03
2.685671099018128050e-03
2.648327437539895173e-03
2.627359044605067587e-03
2.615191407191256624e-03
2.591784479140880372e-03
2.572493137614358192e-03
2.553335457508053036e-03
2.524688102615376458e-03
2.513380150221997990e-03
2.478420126828409162e-03
2.465859336024593933e-03
2.460961655846664094e-03
2.435247167678815904e-03
2.413924712510335906e-03
2.388704537103573597e-03
2.387991187251394844e-03
2.374627760478428308e-03
2.346102300188725957e-03
2.331072771700010322e-03
2.315288662378277209e-03
2.298386196517164005e-03
2.277974728938369619e-03
2.269381062970274830e-03
2.254590172032337921e-03
2.239449543967133617e-03
2.237200076758329246e-03
2.218192791388857998e-03
2.208007758461116507e-03
2.200247923333552638e-03
2.196564258164947995e-03
2.181815990202483520e-03
2.174063084558361999e-03
2.160684633002217438e-03
2.162851621064224277e-03
2.158138749100977413e-03
2.159298601604643306e-03
2.150961075953784340e-03
2.143042535698484654e-03
2.147911126459283327e-03
2.157242993624614632e-03
2.155513002625888182e-03
2.158251181355722026e-03
2.156493662013894003e-03
2.168715435878506778e-03
2.183778949325815375e-03
2.196359582289698388e-03
2.204878378792532890e-03
2.206862305424043234e-03
2.216256002984231567e-03
2.219943142873013163e-03
2.204628856409163781e-03
2.190926640538410231e-03
2.188956789628025874e-03
2.177798869420907116e-03
2.176268926511208332e-03
2.157488479168110079e-03
2.141704382042267530e-03
2.159983306635348491e-03
2.130521388192261993e-03
2.136879225838042226e-03
2.124689549895092053e-03
2.150513686328416572e-03
2.108568296257761279e-03
2.106528657133735320e-03
2.101063170647691960e-03
2.094823280571117118e-03
2.097919827792793686e-03
2.086175449325570249e-03
2.077062260026910339e-03
2.076358407447558268e-03
2.065171879006638504e-03
2.050928868508587136e-03
2.042870251794478512e-03
2.053252383623094864e-03
2.040507515803689255e-03
2.040036508281316188e-03
2.039982206077270779e-03
2.032916744550069231e-03
2.002533311246051852e-03
2.017381555578183668e-03
1.997750687656835514e-03
1.993326868839739429e-03
1.994694710620457424e-03
1.988408686260559766e-03
1.981450391135045411e-03
1.978142505201200760e-03
1.976953884254076688e-03
1.962107269736450450e-03
1.959419649626527489e-03
1.951674873098021429e-03
1.946981560017558774e-03
1.950172933616808445e-03
1.959268051377009972e-03
1.932290158722372187e-03
1.949637296742626506e-03
1.939099417289807644e-03
1.926275852712847026e-03
1.928659140997167169e-03
1.933069428473356121e-03
1.926840674908210892e-03
1.911962210267250132e-03
1.926549784617409729e-03
1.938207135979263607e-03
1.919208494724617114e-03
1.926625108102425184e-03
1.910440987419514437e-03
1.914281424667153972e-03
1.916009990409726221e-03
1.898402070427047429e-03
1.902457762376538394e-03
1.915229317576934865e-03
1.896038713554541255e-03
1.900208717589044844e-03
1.896116628666363966e-03
1.898934178253901782e-03
1.883023086425271832e-03
1.892202575912787892e-03
1.887319288549146531e-03
1.899255966834191784e-03
1.883836833959711462e-03
1.892067553542022213e-03
1.873991472114409614e-03
1.887790698535917779e-03
1.898915090575991737e-03
1.878946513447555785e-03
1.863309301413773123e-03
1.873049037974505162e-03
1.869714219078776355e-03
1.880091008552837875e-03
1.874172509581382854e-03
1.865289808206614924e-03
1.869040982065988407e-03
1.873626685812182415e-03
1.863095454228598470e-03
1.846798993868842016e-03
1.851250319409051106e-03
1.866482210434263584e-03
1.854984078644996608e-03
1.863201565131367577e-03
1.848673410824544418e-03
1.847127550614199474e-03
1.843972935984354621e-03
1.844992396044766586e-03
1.852711376046673125e-03
1.851913420527818684e-03
1.841862489181082894e-03
1.859438644966021929e-03
1.844283417865101842e-03
1.850294728120345424e-03
1.833716959005133110e-03
1.833064753806129847e-03
1.835180475332197705e-03
1.832184433892723990e-03
1.831742122747181479e-03
1.829829037056437610e-03
1.834278134629130277e-03
1.830746716864052343e-03
1.821924686165792527e-03
1.844709201915455642e-03
1.829174709218066470e-03
1.827123872603156774e-03
1.827800235644515053e-03
1.812930367997891848e-03
1.820358281977297200e-03
1.820658688389119751e-03
1.819860279959227426e-03
1.822295089230118771e-03
1.817845761044217020e-03
1.815932860509270746e-03
1.813235675494763053e-03
1.808107032307556790e-03
1.808138191699981776e-03
1.815742035285525333e-03
1.813836220563167650e-03
1.806926383592543078e-03
1.814984440958748203e-03
1.801610410413039638e-03
1.806105383383553760e-03
1.809848475802157625e-03
1.800261982827491749e-03
1.797557967005386330e-03
1.798512791616043924e-03
1.807978365104645534e-03
1.802855525498411405e-03
1.803372345776075442e-03
1.796979146144752097e-03
1.793493935838341670e-03
1.805859248131690912e-03
1.793336793447711588e-03
1.798079439461053872e-03
1.787594235723926912e-03
1.803943514823913661e-03
1.785155711695551959e-03
1.797455659003129947e-03
1.801805348978156125e-03
1.776842029011320521e-03
1.783845920692242329e-03
1.783458941749164030e-03
1.784694201446005357e-03
1.774689637213235820e-03
1.780618313655611988e-03
1.782461347812343104e-03
1.778552125185905563e-03
1.788628218872916108e-03
1.775969299931256552e-03
1.765946094279310496e-03
1.767375391708420757e-03
1.772544939913565194e-03
1.769766937719569402e-03
1.768833740303913694e-03
1.765577205722885503e-03
1.775237683960724467e-03
1.773728399227062890e-03
1.767703303734638812e-03
1.763978867148537034e-03
1.776473313969160767e-03
1.766941444172213504e-03
1.757979460082770718e-03
1.775942618648211190e-03
1.764110666477964121e-03
1.763398470246188782e-03
1.755144015242833403e-03
1.757910807750054675e-03
1.756106706757453242e-03
1.766931913637866548e-03
1.755059564242228247e-03
1.758614094883558399e-03
1.764013807821486609e-03
1.765977217084062920e-03
1.758860209069791321e-03
1.752729263223175423e-03
1.756215417602409890e-03
1.748850799187840399e-03
1.751158254531522650e-03
1.744540485309525575e-03
1.748495427558996755e-03
1.741172698149014110e-03
1.756433089862444478e-03
1.749113474839500025e-03
1.745745414380161630e-03
1.745402314589314515e-03
1.743471890776639860e-03
1.745958493778570694e-03
1.738595516820039136e-03
1.754814354214994732e-03
1.740520845522128398e-03
1.743343209160403036e-03
1.747159978618756642e-03
1.732985635421105744e-03
1.747064846235194327e-03
1.735675837733738390e-03
1.739528028494013306e-03
1.749031577769312061e-03
1.741988027823113258e-03
1.739492380459393842e-03
1.728679628355339875e-03
1.728405091091103542e-03
1.733845210678520554e-03
1.728574755889851445e-03
1.747842562118811236e-03
1.733359135687351183e-03
1.727039919656124783e-03
1.730774713325358661e-03
1.728402893058955756e-03
1.747542631346732421e-03
1.731367819454698257e-03
1.739501402646835429e-03
1.722567693130778402e-03
1.724180410660448425e-03
1.717719038216663271e-03
1.728582562368717991e-03
1.719374082139914954e-03
1.721881409840924412e-03
1.728988510356949939e-03
1.727331879304810740e-03
1.723534046184448934e-03
1.716707355808466716e-03
1.726348973655452432e-03
1.713292199253503827e-03
1.715171383139455635e-03
1.710856005748999983e-03
1.719066981292728929e-03
1.721772606972427500e-03
1.721047012445827426e-03
1.713176617687124604e-03
1.729019727957035839e-03
1.724571349387544984e-03
1.722734409295732143e-03
1.716134569142013701e-03
1.717339132890282564e-03
1.702144365048124594e-03
1.715578305690238902e-03
1.700461143073404152e-03
1.707682915453222639e-03
1.716568468449016470e-03
1.706592270195306715e-03
1.706266943143591990e-03
1.702642781726483763e-03
1.710197756377359289e-03
1.708340012313177203e-03
1.708562146606189920e-03
1.701744189596779292e-03
1.711367979268765133e-03
1.714135521268915496e-03
1.704604000163575071e-03
1.702054940341484086e-03
1.710481492115095876e-03
1.696209021333959944e-03
1.697066518300700648e-03
1.701966019546879158e-03
1.703304965381643651e-03
1.708648972479360388e-03
1.696148169936523590e-03
1.687093217679787142e-03
1.693482902677108902e-03
1.694385309903217313e-03
1.705098783575175825e-03
1.702777870620290424e-03
1.689355950137334285e-03
1.702821312383526794e-03
1.692138339525886938e-03
1.705067088117911620e-03
1.706348436640664273e-03
1.697181824905177015e-03
1.700155511831066531e-03
1.693685189820826054e-03
1.691667944015491643e-03
1.707979133130893773e-03
1.687749312259256753e-03
1.678967707058680878e-03
1.677853504883214213e-03
1.684590563776769759e-03
1.688704481126651830e-03
1.682879718109255842e-03
1.687586047531416120e-03
1.684650782096598848e-03
1.681407967338427239e-03
1.696949324659293703e-03
1.689274915094886526e-03
1.693738026854892630e-03
1.677186535449609779e-03
1.684345299976744903e-03
1.693491574509867507e-03
1.673224465256290807e-03
1.689364838169976407e-03
1.679398220897253095e-03
1.687433435914239719e-03
1.671959786853265259e-03
1.681204224448828392e-03
1.674861704287607111e-03
1.679324503389320296e-03
1.671791869947420687e-03
1.668573157041377967e-03
1.696386473763379253e-03
1.680009936847324864e-03
1.676744722672516424e-03
1.685842331720604874e-03
1.677783206659590881e-03
1.674396271396073454e-03
1.673790731001645370e-03
1.678096372190685404e-03
1.685379039762275591e-03
1.673864889224725054e-03
1.679182589785861192e-03
1.674712010814497810e-03
1.676277341210238988e-03
1.667560394188123121e-03
1.679410691195655503e-03
1.672730858193799105e-03
1.676861473381341915e-03
1.678158744748326934e-03
1.672936346204507855e-03
1.670506347103842618e-03
1.669700161021734882e-03
1.670572612368102566e-03
1.667473143121848403e-03
1.667167000760812201e-03
1.667150247487283977e-03
1.663349619290481040e-03
1.663166785701399768e-03
1.672091009095311208e-03
1.670359342824667692e-03
1.669667354075326897e-03
1.666355210666855277e-03
1.668282068290171142e-03
1.658533163191307051e-03
1.666176545300653922e-03
1.667653680557296342e-03
1.665459721282656642e-03
1.660571541149346696e-03
1.669149854153926821e-03
1.667602619688425807e-03
1.665687555491569523e-03
1.660331498299326197e-03
1.666347715183205506e-03
1.658925903584098499e-03
1.655614898828346084e-03
1.668253552634269042e-03
1.657199575233140243e-03
1.660098696482323463e-03
1.659238110074684773e-03
1.653803458681241340e-03
1.660170779186522687e-03
1.662614336791670049e-03
1.649532632880090343e-03
1.657028950839525231e-03
1.655359174834475583e-03
1.668168157006480771e-03
1.653156779329514143e-03
1.657395849802664311e-03
1.646075825694771119e-03
1.653174504948159117e-03
1.664990431717818702e-03
1.655348855447733762e-03
1.657747349236160603e-03
1.654452027287334117e-03
1.650313137742202884e-03
1.656530389473551742e-03
1.648370958199458494e-03
1.672236657413166128e-03
1.646950210089839729e-03
1.650495567758168474e-03
1.648144815338864174e-03
1.653588773860108262e-03
1.653762318060866517e-03
1.653047501929991213e-03
1.647212668987257196e-03
1.646980106653202040e-03
1.646378246091660929e-03
1.647130063446682058e-03
1.652780089283450819e-03
1.650308736688679096e-03
1.653484786151065674e-03
1.640798010131610347e-03
1.641990168441441857e-03
1.640000734256491727e-03
1.656810004663254472e-03
1.640969156176738794e-03
1.643756532021576440e-03
1.645859142964971843e-03
1.631079327004651127e-03
1.637721501867331298e-03
1.648462411304492262e-03
1.646511992328755867e-03
1.646199095107260275e-03
1.635222434664943339e-03
1.646867560754929245e-03
1.647473648855728688e-03
1.636811143474742021e-03
1.641145324711466152e-03
1.645118113429773488e-03
1.634762804245664964e-03
1.641626147708545027e-03
1.635557238478213462e-03
1.644331966305062837e-03
1.646414608140254207e-03
1.627830376050302041e-03
1.639326670694918851e-03
1.636239751020357718e-03
1.632601012741880702e-03
1.634339592973923496e-03
1.626466469661820525e-03
1.626865830205913039e-03
1.637698660626830081e-03
1.632787204635817316e-03
1.634383264241651449e-03
1.632274402349832452e-03
1.639554086917390484e-03
1.627214284547205550e-03
