5.987282887101173401e+01
4.883851519227027893e+01
4.840441520512104034e+01
4.774912185966968536e+01
4.692588791251182556e+01
4.635079689323902130e+01
4.574880813062191010e+01
4.541269284486770630e+01
4.499131605029106140e+01
4.447988678514957428e+01
4.419245010614395142e+01
4.371511679887771606e+01
4.326734817028045654e+01
4.302397888898849487e+01
4.261973491311073303e+01
4.215436305105686188e+01
4.174599730968475342e+01
4.141130514442920685e+01
4.103890401124954224e+01
4.063562254607677460e+01
4.025389742851257324e+01
3.990307357907295227e+01
3.958964808285236359e+01
3.920728348195552826e+01
3.879272849857807159e+01
3.850010582804679871e+01
3.829536305367946625e+01
3.783049707114696503e+01
3.764274354279041290e+01
3.723328799009323120e+01
3.705844353139400482e+01
3.685161288082599640e+01
3.632421404123306274e+01
3.616455827653408051e+01
3.596160008013248444e+01
3.569272762537002563e+01
3.528709046542644501e+01
3.522043119370937347e+01
3.494905981421470642e+01
3.477431736886501312e+01
3.447130683064460754e+01
3.418361395597457886e+01
3.398897998034954071e+01
3.374908261001110077e+01
3.353418265283107758e+01
3.327097657322883606e+01
3.307902304828166962e+01
3.281151787936687469e+01
3.268669514358043671e+01
3.260898874700069427e+01
3.242759165167808533e+01
3.214843152463436127e+01
3.201117488741874695e+01
3.172518056631088257e+01
3.153321097791194916e+01
3.152946376800537109e+01
3.138529577851295471e+01
3.103151051700115204e+01
3.105151322484016418e+01
3.100288842618465424e+01
3.066520713269710541e+01
3.048561601340770721e+01
3.047175332158803940e+01
3.059174419939517975e+01
3.022902394086122513e+01
3.009795214235782623e+01
3.003022257238626480e+01
2.999414900690317154e+01
2.990756960213184357e+01
2.980055864900350571e+01
2.977063912153244019e+01
2.979096261411905289e+01
2.993478084355592728e+01
2.975992323458194733e+01
2.990645405650138855e+01
3.006101168692111969e+01
2.999339986592531204e+01
3.014688448607921600e+01
3.036531844735145569e+01
3.032455867528915405e+01
3.014412856101989746e+01
3.013858175277709961e+01
2.995443885028362274e+01
2.978017553687095642e+01
2.991215308010578156e+01
2.947360906004905701e+01
2.952332198619842529e+01
2.944335122406482697e+01
2.940903681516647339e+01
2.936619307100772858e+01
2.936006446182727814e+01
2.891038450598716736e+01
2.885824405401945114e+01
2.877955284714698792e+01
2.880136506259441376e+01
2.846541552245616913e+01
2.840782117843627930e+01
2.829771284759044647e+01
2.834323205798864365e+01
2.827179789543151855e+01
2.819523990899324417e+01
2.793317481130361557e+01
2.803836664557456970e+01
2.778961527347564697e+01
2.771678220480680466e+01
2.764477585256099701e+01
2.770595680922269821e+01
2.751930061727762222e+01
2.725772890448570251e+01
2.750287384539842606e+01
2.720040197670459747e+01
2.732148945331573486e+01
2.718154057115316391e+01
2.704729881882667542e+01
2.695001040399074554e+01
2.697948242723941803e+01
2.681788852065801620e+01
2.664234102517366409e+01
2.666475674510002136e+01
2.650549401342868805e+01
2.645258030295372009e+01
2.652225407212972641e+01
2.646095474064350128e+01
2.647456594556570053e+01
2.631527464836835861e+01
2.638067879527807236e+01
2.622811260819435120e+01
2.642850826680660248e+01
2.629374531656503677e+01
2.613693340122699738e+01
2.632707314193248749e+01
2.600686564296483994e+01
2.615236913412809372e+01
2.611964992433786392e+01
2.621009242534637451e+01
2.603844856470823288e+01
2.611183482408523560e+01
2.622601801156997681e+01
2.606840263307094574e+01
2.579982523620128632e+01
2.616498503834009171e+01
2.594279746711254120e+01
2.588741452246904373e+01
2.581359720975160599e+01
2.572123426944017410e+01
2.576741671562194824e+01
2.572317365556955338e+01
2.582246223837137222e+01
2.583403325825929642e+01
2.581977114826440811e+01
2.554800581932067871e+01
2.572692611813545227e+01
2.559017673134803772e+01
2.543240398913621902e+01
2.567753046751022339e+01
2.560077372193336487e+01
2.554477982223033905e+01
2.540073931962251663e+01
2.543119441717863083e+01
2.550215955078601837e+01
2.544055969268083572e+01
2.562186057865619659e+01
2.543786832690238953e+01
2.532197493314743042e+01
2.535091970115900040e+01
2.525908885896205902e+01
2.539298240095376968e+01
2.542319000512361526e+01
2.551421943306922913e+01
2.514072760939598083e+01
2.537666437774896622e+01
2.546657094359397888e+01
2.531289916485548019e+01
2.527795552462339401e+01
2.536009110510349274e+01
2.514629079401493073e+01
2.516909278929233551e+01
2.502381850033998489e+01
2.533585660904645920e+01
2.502614117413759232e+01
2.504671555757522583e+01
2.493613564968109131e+01
2.494664750993251801e+01
2.498772737383842468e+01
2.494885955005884171e+01
2.509020636230707169e+01
2.496718030422925949e+01
2.508504854887723923e+01
2.504933389276266098e+01
2.509000549465417862e+01
2.510041953623294830e+01
2.477271887660026550e+01
2.495952039957046509e+01
2.512441174685955048e+01
2.509080439060926437e+01
2.490542003512382507e+01
2.481853754818439484e+01
2.495407394319772720e+01
2.499590680003166199e+01
2.485349752753973007e+01
2.468441291153430939e+01
2.486212680488824844e+01
2.473073747754096985e+01
2.477209200710058212e+01
2.480706099420785904e+01
2.473909668624401093e+01
2.460846018046140671e+01
2.491073036938905716e+01
2.476800523698329926e+01
2.475545251369476318e+01
2.481375712901353836e+01
2.462426389753818512e+01
2.476045922189950943e+01
2.468705446273088455e+01
2.460401581227779388e+01
2.459637744724750519e+01
2.466406720876693726e+01
2.468976642936468124e+01
2.447261164337396622e+01
2.456063143908977509e+01
2.472445371001958847e+01
2.473994066566228867e+01
2.462739285081624985e+01
2.455972141027450562e+01
2.468175234645605087e+01
2.436984148621559143e+01
2.445444102585315704e+01
2.452331057935953140e+01
2.436822798848152161e+01
2.439184407889842987e+01
2.441022402793169022e+01
2.438592323660850525e+01
2.435471498966217041e+01
2.454487904906272888e+01
2.428664602339267731e+01
2.437121293693780899e+01
2.445103289186954498e+01
2.445738284289836884e+01
2.435897582024335861e+01
2.446128519624471664e+01
2.417889347672462463e+01
2.434517522901296616e+01
2.430601835995912552e+01
2.433004669100046158e+01
2.431006129086017609e+01
2.433912087231874466e+01
2.443964695930480957e+01
2.421139042079448700e+01
2.416578526794910431e+01
2.426481348276138306e+01
2.442489801347255707e+01
2.412355291098356247e+01
2.408285294473171234e+01
2.423450737446546555e+01
2.427484944462776184e+01
2.413245543837547302e+01
2.416874902695417404e+01
2.432967125624418259e+01
2.415829928219318390e+01
2.423713127523660660e+01
2.415947532653808594e+01
2.402206584811210632e+01
2.418757031112909317e+01
2.404104407131671906e+01
2.430954039096832275e+01
2.418311577290296555e+01
2.413093429058790207e+01
2.398051106184720993e+01
2.408989104628562927e+01
2.402259995788335800e+01
2.418478649109601974e+01
2.391477452218532562e+01
2.397710194438695908e+01
2.422497443854808807e+01
2.410967149585485458e+01
2.390398663282394409e+01
2.414303582906723022e+01
2.396062947064638138e+01
2.396765052527189255e+01
2.387689413875341415e+01
2.403248100727796555e+01
2.393761802464723587e+01
2.403417019546031952e+01
2.388926623761653900e+01
2.371142737567424774e+01
2.387155475467443466e+01
2.375345395505428314e+01
2.384229341894388199e+01
2.385855515301227570e+01
2.393737035989761353e+01
2.377988334745168686e+01
2.393127468973398209e+01
2.379222387075424194e+01
2.378845805674791336e+01
2.388184476643800735e+01
2.389324672520160675e+01
2.387991492450237274e+01
2.384348912537097931e+01
2.366472905129194260e+01
2.365179630368947983e+01
2.377416447550058365e+01
2.359335403889417648e+01
2.378616939485073090e+01
2.374165767431259155e+01
2.373489296436309814e+01
2.367723719775676727e+01
2.371833290159702301e+01
2.374023863673210144e+01
2.376826904714107513e+01
2.373543491214513779e+01
2.383907406032085419e+01
2.365992043167352676e+01
2.366186059266328812e+01
2.372285178303718567e+01
2.363105900585651398e+01
2.369079860299825668e+01
2.377415407449007034e+01
2.379863853007555008e+01
2.380441001802682877e+01
2.376555248349905014e+01
2.350869701057672501e+01
2.361965248733758926e+01
2.354496750980615616e+01
2.364605410397052765e+01
2.376095237582921982e+01
2.359097319096326828e+01
2.358825667202472687e+01
2.350541743636131287e+01
2.358450797200202942e+01
2.363994046300649643e+01
2.356065521389245987e+01
2.353616334497928619e+01
2.362617264688014984e+01
2.348258288204669952e+01
2.368083739280700684e+01
2.355636987090110779e+01
2.353718642145395279e+01
2.354011157155036926e+01
2.348176074773073196e+01
2.366398299485445023e+01
2.368182245641946793e+01
2.348414191603660583e+01
2.351281166821718216e+01
2.353576444834470749e+01
2.360342838615179062e+01
2.358686704188585281e+01
2.351703011244535446e+01
2.356475815176963806e+01
2.335012225061655045e+01
2.341089198738336563e+01
2.342057055234909058e+01
2.341021681576967239e+01
2.344880104809999466e+01
2.331061774492263794e+01
2.344097834080457687e+01
2.339031576365232468e+01
2.347377707809209824e+01
2.336192370206117630e+01
2.336732688546180725e+01
2.341454415023326874e+01
2.341697753220796585e+01
2.331918147206306458e+01
2.346464415639638901e+01
2.347102604061365128e+01
2.319163100421428680e+01
2.340573851764202118e+01
2.324816723912954330e+01
2.344160842150449753e+01
2.346876362711191177e+01
2.336498473584651947e+01
2.329572004824876785e+01
2.322883829474449158e+01
2.325820985436439514e+01
2.347983052581548691e+01
2.330763773620128632e+01
2.344359057396650314e+01
2.331418965756893158e+01
2.316800145804882050e+01
2.335993757098913193e+01
2.330978424847126007e+01
2.318618466705083847e+01
2.324260886758565903e+01
2.321673517674207687e+01
2.323291798681020737e+01
2.322341870516538620e+01
2.335102964192628860e+01
2.324217348545789719e+01
2.315552023798227310e+01
2.317539724707603455e+01
2.314371810853481293e+01
2.337291029840707779e+01
2.320481623709201813e+01
2.323973046988248825e+01
2.316822846978902817e+01
2.338917541503906250e+01
2.340059016644954681e+01
2.317373553663492203e+01
2.319540280103683472e+01
2.318376243114471436e+01
2.345250795036554337e+01
2.314002214372158051e+01
2.301896438002586365e+01
2.317505621165037155e+01
2.322202025353908539e+01
2.314985910803079605e+01
2.304947257786989212e+01
2.312248162180185318e+01
2.304352144896984100e+01
2.298437758535146713e+01
2.325371020287275314e+01
2.314651185274124146e+01
2.300718226283788681e+01
2.317737050354480743e+01
2.320264834165573120e+01
2.305198372155427933e+01
2.307400306314229965e+01
2.300481477379798889e+01
2.314479633420705795e+01
2.308215099573135376e+01
2.299544498324394226e+01
2.294890802353620529e+01
2.307151886075735092e+01
2.299009682983160019e+01
2.304875899851322174e+01
2.305503946542739868e+01
2.304652239382266998e+01
2.310270948708057404e+01
2.297935055196285248e+01
2.295052417367696762e+01
2.312540082633495331e+01
2.306766533851623535e+01
2.310390063375234604e+01
2.298199183493852615e+01
2.301059748232364655e+01
2.306956893950700760e+01
2.291624142974615097e+01
2.297608755528926849e+01
2.294974538683891296e+01
2.309283561259508133e+01
2.295957005023956299e+01
2.286265914887189865e+01
2.306717710196971893e+01
2.297306143492460251e+01
2.291615577042102814e+01
2.284521336108446121e+01
2.279028036445379257e+01
2.294273757934570312e+01
2.292127048969268799e+01
2.311383443325757980e+01
2.292334391921758652e+01
2.297511064261198044e+01
2.296513779461383820e+01
2.293007992953062057e+01
2.285283372551202774e+01
2.278117827326059341e+01
2.282954244315624237e+01
2.291770174354314804e+01
2.288513621687889099e+01
2.281814462691545486e+01
2.274946190416812897e+01
2.300556184351444244e+01
2.307116326689720154e+01
2.281046458333730698e+01
2.283392796665430069e+01
2.280389403551816940e+01
2.270123773068189621e+01
2.277195525169372559e+01
2.285287792235612869e+01
2.284014540910720825e+01
2.285321944952011108e+01
2.283515188843011856e+01
2.287284828722476959e+01
2.270030178129673004e+01
2.265207737684249878e+01
2.281451532244682312e+01
2.283386620879173279e+01
2.271733937412500381e+01
2.283342321217060089e+01
2.266276288032531738e+01
2.277032741904258728e+01
2.292332503944635391e+01
2.268198791891336441e+01
2.268597028404474258e+01
2.276844666898250580e+01
2.258563941717147827e+01
2.260282298922538757e+01
2.283875685185194016e+01
2.267459542304277420e+01
2.278619004040956497e+01
2.271576775610446930e+01
2.280643663555383682e+01
2.263657596707344055e+01
2.270775262266397476e+01
2.291137068718671799e+01
2.272997538745403290e+01
2.278752665221691132e+01
2.261798583716154099e+01
2.260421411693096161e+01
2.264827331900596619e+01
2.270183072239160538e+01
