9.731230430305004120e+00
7.338400827720761299e+00
6.858796808868646622e+00
6.848320901393890381e+00
6.851822193711996078e+00
6.856989720836281776e+00
6.847670003771781921e+00
6.886164594441652298e+00
6.866459265351295471e+00
6.891902854666113853e+00
6.857386125251650810e+00
6.871309578418731689e+00
6.945090305060148239e+00
6.900193767622113228e+00
6.894666925072669983e+00
6.963005853816866875e+00
6.907122887670993805e+00
6.902803583070635796e+00
6.940470818430185318e+00
6.953790467232465744e+00
6.938713707029819489e+00
6.981364881619811058e+00
6.954757699742913246e+00
6.946148861199617386e+00
6.946091542020440102e+00
6.948179423809051514e+00
6.979719445109367371e+00
6.971878437325358391e+00
6.952735934406518936e+00
6.989748897030949593e+00
6.973978998139500618e+00
6.977845882996916771e+00
6.973013922572135925e+00
6.983881626278162003e+00
6.925538564100861549e+00
6.949788367375731468e+00
6.978131514042615891e+00
6.969880001619458199e+00
7.020432308316230774e+00
6.993634263053536415e+00
6.951037606224417686e+00
6.982878362759947777e+00
7.013447033241391182e+00
7.003746859729290009e+00
7.022926308214664459e+00
6.995283298194408417e+00
7.010402003303170204e+00
7.054061815142631531e+00
6.992806596681475639e+00
6.988022862002253532e+00
6.988017100840806961e+00
7.038420194759964943e+00
7.011898042634129524e+00
7.046814918518066406e+00
7.004599148407578468e+00
7.025041893124580383e+00
7.085157424211502075e+00
7.043752044439315796e+00
6.989497125148773193e+00
7.062376951798796654e+00
7.018469806760549545e+00
7.041514074429869652e+00
7.073171591386198997e+00
7.044706048443913460e+00
7.068863987922668457e+00
7.137625828385353088e+00
7.065648008137941360e+00
7.019166199490427971e+00
7.053317338228225708e+00
7.091165821999311447e+00
7.115271339192986488e+00
7.161435004323720932e+00
7.185917761176824570e+00
7.039336107671260834e+00
7.107152326032519341e+00
7.047877687960863113e+00
7.265912480652332306e+00
6.988998677581548691e+00
7.044333072379231453e+00
7.218745656311511993e+00
7.172906031832098961e+00
7.067355390638113022e+00
7.235066391527652740e+00
7.137577781453728676e+00
7.055457128211855888e+00
7.100592328235507011e+00
7.170876186341047287e+00
7.194074692204594612e+00
7.067262297496199608e+00
7.173367895185947418e+00
7.059009559452533722e+00
7.054414497688412666e+00
7.212450047954916954e+00
7.169071147218346596e+00
7.088439038023352623e+00
7.048562312498688698e+00
7.127430271357297897e+00
7.114720232784748077e+00
7.315540321171283722e+00
7.107821647077798843e+00
