7.240498832072175860e-04
5.460119663482709352e-04
5.103271435170123830e-04
5.095476861156168552e-04
5.098081989369044340e-04
5.101926875622233258e-04
5.094992562330194572e-04
5.123634370864324234e-04
5.108972667672095165e-04
5.127903909721811182e-04
5.102221819383668871e-04
5.112581531561556213e-04
5.167477905550705349e-04
5.134072743766453315e-04
5.129960509726689492e-04
5.180807926947073733e-04
5.139228339040918195e-04
5.136014570737080153e-04
5.164040787522459737e-04
5.173951240500347052e-04
5.162733412968615763e-04
5.194467917871883455e-04
5.174670907546810843e-04
5.168265521725905979e-04
5.168222873527112933e-04
5.169776357000782510e-04
5.193243634753993455e-04
5.187409551581367850e-04
5.173166617861992781e-04
5.200706024576599038e-04
5.188972468853794793e-04
5.191849615325086790e-04
5.188254406675695939e-04
5.196340495742680227e-04
5.152930479241712514e-04
5.170973487630752766e-04
5.192062138424565756e-04
5.185922620252572971e-04
5.223535943687671263e-04
5.203596921914833539e-04
5.171902980821739071e-04
5.195594019910675532e-04
5.218338566399845094e-04
5.211121175393816640e-04
5.225391598374006180e-04
5.204823882585125341e-04
5.216072919124382272e-04
5.248557898171600945e-04
5.202981098721336196e-04
5.199421772323105503e-04
5.199417485744647861e-04
5.236919787767831038e-04
5.217186043626584509e-04
5.243165861992609388e-04
5.211755318755639061e-04
5.226965694289122371e-04
5.271694512062129840e-04
5.240886937826871438e-04
5.200518694307123191e-04
5.254744755802676082e-04
5.222075749077789448e-04
5.239221781569842985e-04
5.262776481686160185e-04
5.241596762235054214e-04
5.259571419585319174e-04
5.310733503262911586e-04
5.257178577483587580e-04
5.222593898430378037e-04
5.248003971896000744e-04
5.276165046130440158e-04
5.294100698804305588e-04
5.328448663931339762e-04
5.346665000875613612e-04
5.237601270588735812e-04
5.288059766393243474e-04
5.243956613066118842e-04
5.406184881437747303e-04
5.200147825581509422e-04
5.241319250282166229e-04
5.371090518088922697e-04
5.336983654636978094e-04
5.258448951367643287e-04
5.383233922267599168e-04
5.310697754057834260e-04
5.249596077538582796e-04
5.283178815651418938e-04
5.335473352932327325e-04
5.352734145985561798e-04
5.258379685637052867e-04
5.337327302965735182e-04
5.252239255545040333e-04
5.248820310780068742e-04
5.366406285680742298e-04
5.334130317870793133e-04
5.274136189005470361e-04
5.244466006323429338e-04
5.303147523331322531e-04
5.293690649393413593e-04
5.443110358014347470e-04
5.288557773123361925e-04
