2.001862015575170517e+01
1.524862668663263321e+01
1.521976380050182343e+01
1.520040935277938843e+01
1.514401513710618019e+01
1.513939411193132401e+01
1.508390837162733078e+01
1.498972481489181519e+01
1.484512726590037346e+01
1.467707141488790512e+01
1.458238832280039787e+01
1.450781670957803726e+01
1.441663371399044991e+01
1.426038058102130890e+01
1.410385417565703392e+01
1.398067964985966682e+01
1.384771329537034035e+01
1.372889946401119232e+01
1.352782101184129715e+01
1.346671779081225395e+01
1.330342323705554008e+01
1.326519922912120819e+01
1.314866655692458153e+01
1.317779000103473663e+01
1.309763976559042931e+01
1.298822791874408722e+01
1.282536981999874115e+01
1.275654267892241478e+01
1.274604407325387001e+01
1.266927675530314445e+01
1.249199612438678741e+01
1.237078813090920448e+01
1.232579452544450760e+01
1.218794938549399376e+01
1.218257214128971100e+01
1.201907076686620712e+01
1.196572339907288551e+01
1.187076358869671822e+01
1.183996431529521942e+01
1.168706035241484642e+01
1.162782544270157814e+01
1.153909383714199066e+01
1.143969665467739105e+01
1.136185906827449799e+01
1.129076974838972092e+01
1.135166697204113007e+01
1.121790580451488495e+01
1.116066322475671768e+01
1.101923698931932449e+01
1.095112067088484764e+01
1.098602978512644768e+01
1.094830374419689178e+01
1.089252498373389244e+01
1.070842723920941353e+01
1.069220905005931854e+01
1.076952297613024712e+01
1.064103969186544418e+01
1.055189456418156624e+01
1.059462362900376320e+01
1.057337097451090813e+01
1.065123035386204720e+01
1.034749011322855949e+01
1.036790241301059723e+01
1.033214399963617325e+01
1.036597568541765213e+01
1.023829857259988785e+01
1.027829549461603165e+01
1.027878412976861000e+01
1.029169915989041328e+01
1.042182217538356781e+01
1.027740278840065002e+01
1.031909311190247536e+01
1.038663969933986664e+01
1.022273133322596550e+01
1.039279234409332275e+01
1.053362072259187698e+01
1.051985026150941849e+01
1.078497938439249992e+01
1.086868683248758316e+01
1.105964092537760735e+01
1.104347718134522438e+01
1.085806030407547951e+01
1.071781669184565544e+01
1.071069987490773201e+01
1.059147545322775841e+01
1.054403324797749519e+01
1.055631610751152039e+01
1.075768968462944031e+01
1.031749241054058075e+01
1.032893725857138634e+01
1.029311376065015793e+01
1.024976643547415733e+01
1.021300650015473366e+01
1.029733337461948395e+01
1.016516766324639320e+01
1.015140426903963089e+01
1.019699867442250252e+01
1.005051172524690628e+01
1.001561856642365456e+01
1.006806505471467972e+01
