1.489480666350573301e-03
1.134570437993499435e-03
1.132422901823052332e-03
1.130982838748466508e-03
1.126786840558495484e-03
1.126443014280604452e-03
1.122314610984176354e-03
1.115306905869926750e-03
1.104548159665206305e-03
1.092044004083921483e-03
1.084999131160743844e-03
1.079450648034080201e-03
1.072666198957622843e-03
1.061040221802180645e-03
1.049393911879243583e-03
1.040229140614558562e-03
1.030335810667436019e-03
1.021495495834166128e-03
1.006534301476286978e-03
1.001987930864006943e-03
9.898380384713943020e-04
9.869939902619946116e-04
9.783234045330790364e-04
9.804903274579417159e-04
9.745267682730974568e-04
9.663860058589350413e-04
9.542685877975253667e-04
9.491475207531558864e-04
9.483663744980557961e-04
9.426545204838649014e-04
9.294639973502073597e-04
9.204455454545539071e-04
9.170978069527163093e-04
9.068414721349698192e-04
9.064413795602463148e-04
8.942760987251641668e-04
8.903068005262563915e-04
8.832413384446963093e-04
8.809497258404181633e-04
8.695729428880094114e-04
8.651655835343436633e-04
8.585635295492552617e-04
8.511679058539725661e-04
8.453764187704239418e-04
8.400870348504257089e-04
8.446180782768697914e-04
8.346656104549765587e-04
8.304064899372558088e-04
8.198837045624497071e-04
8.148155261075035747e-04
8.174129304409559439e-04
8.146059333479830321e-04
8.104557279563907694e-04
7.967579791078432385e-04
7.955512686056040407e-04
8.013037928668338824e-04
7.917440246923693930e-04
7.851112026920807965e-04
7.882904485865895082e-04
7.867091498892044748e-04
7.925022584718784992e-04
7.699025381866487182e-04
7.714213104918598695e-04
7.687607142586438264e-04
7.712779527840515339e-04
7.617781676041583726e-04
7.647541290636928691e-04
7.647904858458787203e-04
7.657514255870842990e-04
7.754331975731821669e-04
7.646877074702864612e-04
7.677896660641722994e-04
7.728154538199305751e-04
7.606198908650271774e-04
7.732732398878960000e-04
7.837515418595146803e-04
7.827269539813555815e-04
8.024538232434896097e-04
8.086820559886594758e-04
8.228899498048814886e-04
8.216872902786625252e-04
8.078913916722827489e-04
7.974565990956589221e-04
7.969270740258728968e-04
7.880562093175415761e-04
7.845262833316588242e-04
7.854401865707976447e-04
8.004233396301667402e-04
7.676705662604598824e-04
7.685221174532281315e-04
7.658566786198034524e-04
7.626314312108747840e-04
7.598963169757986125e-04
7.661706379925211632e-04
7.563368797058328411e-04
7.553128176368773200e-04
7.587052585135790677e-04
7.478059319380138880e-04
7.452097147636647457e-04
7.491119832376993797e-04
