5.174014484882354736e+01
3.554247140884399414e+01
3.396576106548309326e+01
3.205433258414268494e+01
3.103517075628042221e+01
3.019591850787401199e+01
2.952710486948490143e+01
2.869507128745317459e+01
2.816904935985803604e+01
2.744740702956914902e+01
2.693884168565273285e+01
2.655687954276800156e+01
2.610210849344730377e+01
2.572833897173404694e+01
2.528729253262281418e+01
2.480930848419666290e+01
2.414976724237203598e+01
2.350923267006874084e+01
2.309140803664922714e+01
2.266213763505220413e+01
2.208902300894260406e+01
2.177193588763475418e+01
2.111269209533929825e+01
2.065112646669149399e+01
2.000261422246694565e+01
1.957778514921665192e+01
1.925601860880851746e+01
1.887149173766374588e+01
1.862085485458374023e+01
1.834965165704488754e+01
1.829442274570465088e+01
1.802255122363567352e+01
1.794752813130617142e+01
1.767393612116575241e+01
1.753233516961336136e+01
1.725762679427862167e+01
1.707618176192045212e+01
1.700462258607149124e+01
1.675055094808340073e+01
1.669133457541465759e+01
1.643986576795578003e+01
1.626862199604511261e+01
1.609212136268615723e+01
1.599862881749868393e+01
1.583650275319814682e+01
1.578848061710596085e+01
1.563301463797688484e+01
1.563431558758020401e+01
1.545554426312446594e+01
1.543881703168153763e+01
1.532123401388525963e+01
1.530520759150385857e+01
1.513939310237765312e+01
1.510713321343064308e+01
1.505724390596151352e+01
1.494339720159769058e+01
1.494557641446590424e+01
1.472821791470050812e+01
1.470268153771758080e+01
1.474013117328286171e+01
1.466077236086130142e+01
1.464164156094193459e+01
1.460191333666443825e+01
1.454268025979399681e+01
1.450325787812471390e+01
1.442301099747419357e+01
1.435458470508456230e+01
1.443886380270123482e+01
1.414607498049736023e+01
1.413282542675733566e+01
1.420811493322253227e+01
1.415291853994131088e+01
1.396151937916874886e+01
1.404991748183965683e+01
1.400272537395358086e+01
1.383795453235507011e+01
1.391821833699941635e+01
1.387113749980926514e+01
1.366475062444806099e+01
1.357625905424356461e+01
1.369766541570425034e+01
1.367597690224647522e+01
1.355562898144125938e+01
1.359530331939458847e+01
1.362487754970788956e+01
1.339249989017844200e+01
1.338723763078451157e+01
1.332266701012849808e+01
1.332806814461946487e+01
1.330864725261926651e+01
1.326880429685115814e+01
1.323142689466476440e+01
1.323645856603980064e+01
1.317861977964639664e+01
1.311337530985474586e+01
1.308412631228566170e+01
1.303806650266051292e+01
1.308732245489954948e+01
1.295333648473024368e+01
1.294050639867782593e+01
