3.456255500923416553e-03
2.374246587097126986e-03
2.268921914861930268e-03
2.141237981572657618e-03
2.073157699150328728e-03
2.017095424707682650e-03
1.972418494955571408e-03
1.916838429355589412e-03
1.881700024038612936e-03
1.833494123551713314e-03
1.799521822688893245e-03
1.774006649483500465e-03
1.743627821873567447e-03
1.718659917951506242e-03
1.689197897970795949e-03
1.657268435818080345e-03
1.613210904634070466e-03
1.570423024052688054e-03
1.542512226897076004e-03
1.513836849368884645e-03
1.475552639207922687e-03
1.454371134778540634e-03
1.410333473302558330e-03
1.379500765978055807e-03
1.336179974780691117e-03
1.307801279172788982e-03
1.286307188297162139e-03
1.260620690558700557e-03
1.243878079798512977e-03
1.225761633737133425e-03
1.222072327702381552e-03
1.203911237383812477e-03
1.198899674769951301e-03
1.180623655388493912e-03
1.171164673988868551e-03
1.152814081114136293e-03
1.140693504470303987e-03
1.135913332402905228e-03
1.118941279097087488e-03
1.114985609580137430e-03
1.098187426049150204e-03
1.086748296328998893e-03
1.074958006859462641e-03
1.068712679859631573e-03
1.057882615444098034e-03
1.054674723921573964e-03
1.044289554975075772e-03
1.044376458756192611e-03
1.032434486514660415e-03
1.031317102984738703e-03
1.023462525977639204e-03
1.022391956680284569e-03
1.011315504500845223e-03
1.009160535299308183e-03
1.005827916229893974e-03
9.982229259584295047e-04
9.983684979603141708e-04
9.838488920975623289e-04
9.821430552917555408e-04
9.846447009540990319e-04
9.793435110795791886e-04
9.780655685331953158e-04
9.754117125360346535e-04
9.714549271739477115e-04
9.688215015447370834e-04
9.634609884752300211e-04
9.588900938600242478e-04
9.645199601002828584e-04
9.449615885435778267e-04
9.440765148134493221e-04
9.491058739627609942e-04
9.454187401430401254e-04
9.326332250613726281e-04
9.385382419398568665e-04
9.353857965232853207e-04
9.243790602775597658e-04
9.297407038743765078e-04
9.265956913700243826e-04
9.128089929491022599e-04
9.068977324143997869e-04
9.150077097998831656e-04
9.135589113057097921e-04
9.055196380388282886e-04
9.081698944151361504e-04
9.101454609023306320e-04
8.946225711542045260e-04
8.942710508206086571e-04
8.899577161074481105e-04
8.903185133346335585e-04
8.890211925597372913e-04
8.863596724683472580e-04
8.838628520150143292e-04
8.841989690073347608e-04
8.803353226216698241e-04
8.759769746061954335e-04
8.740231337532171916e-04
8.709463261630268635e-04
8.742366369338376185e-04
8.652863383253336189e-04
8.644292851488193791e-04
