5.327285502851009369e+01
3.474573418498039246e+01
3.332052932679653168e+01
3.232691573351621628e+01
3.124564094841480255e+01
3.019019480049610138e+01
2.924190205335617065e+01
2.847201062738895416e+01
2.773975883424282074e+01
2.711473454535007477e+01
2.652527678757905960e+01
2.592621535062789917e+01
2.559774619340896606e+01
2.516469357162714005e+01
2.471280992031097412e+01
2.455286931246519089e+01
2.424746801704168320e+01
2.400119639188051224e+01
2.360532186925411224e+01
2.336755826324224472e+01
2.300197412818670273e+01
2.284515672177076340e+01
2.254917241632938385e+01
2.224253760278224945e+01
2.190357813984155655e+01
2.149998154491186142e+01
2.135330080986022949e+01
2.096532508730888367e+01
2.071113717555999756e+01
2.048422884196043015e+01
2.021816445887088776e+01
1.996973171830177307e+01
1.981628171354532242e+01
1.958010254800319672e+01
1.934612051397562027e+01
1.916464266180992126e+01
1.897158220410346985e+01
1.879655878990888596e+01
1.868811634927988052e+01
1.851263552904129028e+01
1.839968794584274292e+01
1.833139055222272873e+01
1.806020145118236542e+01
1.789514473825693130e+01
1.785890651494264603e+01
1.770728040486574173e+01
1.732618360966444016e+01
1.725203491002321243e+01
1.711637053638696671e+01
1.695983507484197617e+01
1.667893303185701370e+01
1.662373997271060944e+01
1.647934363409876823e+01
1.634015955775976181e+01
1.625389227643609047e+01
1.612828300520777702e+01
1.599174090847373009e+01
1.597087854892015457e+01
1.582149689272046089e+01
1.571142481639981270e+01
1.555284373462200165e+01
1.551956380903720856e+01
1.552031933888792992e+01
1.543257183209061623e+01
1.527896747365593910e+01
1.526839577034115791e+01
1.515092025697231293e+01
1.513881806284189224e+01
1.508875427022576332e+01
1.498368049412965775e+01
1.477032740786671638e+01
1.481597113609313965e+01
1.454217611253261566e+01
1.464334351941943169e+01
1.448204332590103149e+01
1.466393437609076500e+01
1.428172999247908592e+01
1.425861064717173576e+01
1.415202192217111588e+01
1.408024433627724648e+01
1.419150715693831444e+01
1.404840497672557831e+01
1.406090261787176132e+01
1.396601063385605812e+01
1.380855611339211464e+01
1.377372110635042191e+01
1.377895342931151390e+01
1.372523738071322441e+01
1.369337221980094910e+01
1.371406944096088409e+01
1.369330063089728355e+01
1.369709783047437668e+01
1.340830677747726440e+01
1.345725203305482864e+01
1.334325476363301277e+01
1.343462205305695534e+01
1.340831500664353371e+01
1.323163954913616180e+01
1.322065955772995949e+01
1.315681207925081253e+01
