3.558640950468276200e-03
2.321024327654000810e-03
2.225820262311057739e-03
2.159446608785318359e-03
2.087217164222765747e-03
2.016713079525457673e-03
1.953366870631674610e-03
1.901937917661252787e-03
1.853023302220629248e-03
1.811271512715435794e-03
1.771895576992589235e-03
1.731878112934395406e-03
1.709936285464860742e-03
1.681008254617711358e-03
1.650822305965997036e-03
1.640138230625597148e-03
1.619737342487754302e-03
1.603286332122946757e-03
1.576841808233407551e-03
1.560959135821125181e-03
1.536538017914943453e-03
1.526062573264580025e-03
1.506290742573773061e-03
1.485807455095674700e-03
1.463164872400905510e-03
1.436204512018160462e-03
1.426406199723462232e-03
1.400489317789504551e-03
1.383509497365397346e-03
1.368351960050796963e-03
1.350578788167727980e-03
1.333983414716217271e-03
1.323732913396481053e-03
1.307956082030941594e-03
1.292326019637649905e-03
1.280203250621905330e-03
1.267306760461153628e-03
1.255615149626511991e-03
1.248371165616558517e-03
1.236648999935957951e-03
1.229104071198579978e-03
1.224541787055626399e-03
1.206426282644112568e-03
1.195400450117363412e-03
1.192979727117077313e-03
1.182851062449281378e-03
1.157393694700363474e-03
1.152440541751717507e-03
1.143378125343150805e-03
1.132921514685502826e-03
1.114157183156781143e-03
1.110470272058156939e-03
1.100824558056030019e-03
1.091527024566450342e-03
1.085764347123319368e-03
1.077373614242336424e-03
1.068252565696307943e-03
1.066858954503684381e-03
1.056880219954606671e-03
1.049527375845010898e-03
1.038934117209218497e-03
1.036711009287722774e-03
1.036761478883629342e-03
1.030899921983341070e-03
1.020639109796655977e-03
1.019932917190458218e-03
1.012085521507836506e-03
1.011277091706205226e-03
1.007932816982348972e-03
1.000913860663303840e-03
9.866618174927666279e-04
9.897108307343445779e-04
9.714212500021787711e-04
9.781792598142573757e-04
9.674043637876440479e-04
9.795547345418011836e-04
9.540233795911212547e-04
9.524790011470765736e-04
9.453588458364139144e-04
9.405640839196556914e-04
9.479964700693597340e-04
9.384372061940934569e-04
9.392720519620415508e-04
9.329332420745529422e-04
9.224152380355453732e-04
9.200882502572091653e-04
9.204377708290924741e-04
9.168495244297411324e-04
9.147209231663960263e-04
9.161035030701993563e-04
9.147161410085026057e-04
9.149697949548681692e-04
8.956784754493831097e-04
8.989480316001889366e-04
8.913329835426194152e-04
8.974363428895761529e-04
8.956790251598887405e-04
8.838770573905252014e-04
8.831435910307254165e-04
8.788785624082039215e-04
