6.051236018538475037e+01
4.873070313036441803e+01
4.802347609400749207e+01
4.729013884067535400e+01
4.657632802426815033e+01
4.591936118900775909e+01
4.541663862764835358e+01
4.493657718598842621e+01
4.456912064552307129e+01
4.411772641539573669e+01
4.380265974998474121e+01
4.323783433437347412e+01
4.279499287903308868e+01
4.237174230813980103e+01
4.187712734937667847e+01
4.157973504066467285e+01
4.102625568211078644e+01
4.065495491027832031e+01
4.031142897903919220e+01
3.995817334949970245e+01
3.970742595195770264e+01
3.934745308756828308e+01
3.902221269905567169e+01
3.861987848579883575e+01
3.848796136677265167e+01
3.821672326326370239e+01
3.782105317711830139e+01
3.758299687504768372e+01
3.732630318403244019e+01
3.722543875873088837e+01
3.687452264130115509e+01
3.665714421868324280e+01
3.648248997330665588e+01
3.616004593670368195e+01
3.590374521911144257e+01
3.571398715674877167e+01
3.543607172369956970e+01
3.528664702177047729e+01
3.494736173748970032e+01
3.479753315448760986e+01
3.453469245135784149e+01
3.417893485724925995e+01
3.412151215970516205e+01
3.411720809340476990e+01
3.372012740373611450e+01
3.344731003046035767e+01
3.343177580833435059e+01
3.320244610309600830e+01
3.298205587267875671e+01
3.278360937535762787e+01
3.262655454874038696e+01
3.268643344938755035e+01
3.265510806441307068e+01
3.244733515381813049e+01
3.238624018430709839e+01
3.240354689955711365e+01
3.235013192892074585e+01
3.241876967251300812e+01
3.251039077341556549e+01
3.246573431789875031e+01
3.279357501864433289e+01
3.267786908149719238e+01
3.257362560927867889e+01
3.285693815350532532e+01
3.259428791701793671e+01
3.253606696426868439e+01
3.232205700874328613e+01
3.226359438896179199e+01
3.200145398080348969e+01
3.206131163239479065e+01
3.195999154448509216e+01
3.173337967693805695e+01
3.148902092128992081e+01
3.161185212433338165e+01
3.143787809461355209e+01
3.139868894219398499e+01
3.137335883080959320e+01
3.112338672578334808e+01
3.123372685909271240e+01
3.084996338188648224e+01
3.091794662922620773e+01
3.077722139656543732e+01
3.064876122027635574e+01
3.065801662206649780e+01
3.040230993926525116e+01
3.037675955146551132e+01
3.039931122213602066e+01
3.001963260024785995e+01
3.009189286082983017e+01
3.013684330880641937e+01
2.998859950900077820e+01
2.985194002091884613e+01
2.970720766484737396e+01
2.973146036267280579e+01
2.968197665363550186e+01
2.957495741546154022e+01
2.953201871365308762e+01
2.944192137569189072e+01
2.925215688347816467e+01
2.923849199712276459e+01
