4.502407751888746514e-03
3.625796363866400258e-03
3.573175304613652493e-03
3.518611520883582842e-03
3.465500597043761049e-03
3.416619136086886631e-03
3.379214183604788233e-03
3.343495326338424747e-03
3.316154809934752489e-03
3.282568929716944521e-03
3.259126469492912206e-03
3.217100768926597822e-03
3.184151255880438014e-03
3.152659397927068397e-03
3.115857689685764750e-03
3.093730285763740626e-03
3.052548785871338471e-03
3.024922240348089288e-03
2.999362275226130289e-03
2.973078374218727712e-03
2.954421573806376589e-03
2.927637878539306703e-03
2.903438444870213523e-03
2.873502863526698932e-03
2.863687601694393705e-03
2.843506195183311339e-03
2.814066456630826083e-03
2.796353934155333502e-03
2.777254701192890043e-03
2.769749907643667425e-03
2.743640077477764536e-03
2.727466087699646161e-03
2.714470980156745341e-03
2.690479608385690745e-03
2.671409614517220553e-03
2.657290711067616766e-03
2.636612479441932319e-03
2.625494570072208107e-03
2.600250129277507666e-03
2.589102169232709253e-03
2.569545569297458469e-03
2.543075510211998628e-03
2.538802988073300855e-03
2.538482745044997810e-03
2.508938050873222789e-03
2.488639139171157626e-03
2.487483319072496257e-03
2.470420096956548340e-03
2.454022014336216823e-03
2.439256649952204360e-03
2.427571022971755036e-03
2.432026298317525956e-03
2.429695540506924753e-03
2.414236246563848925e-03
2.409690489903801910e-03
2.410978191931333059e-03
2.407003863758984050e-03
2.412110838728646293e-03
2.418927884926753372e-03
2.415605231986514122e-03
2.439998141268179526e-03
2.431389068563779166e-03
2.423632857833235218e-03
2.444712660231051181e-03
2.425170231920977578e-03
2.420838315793801074e-03
2.404914956007685092e-03
2.400565058702514108e-03
2.381060564047878664e-03
2.385514258362707567e-03
2.377975561345617179e-03
2.361114559295986355e-03
2.342933104262642958e-03
2.352072330679567252e-03
2.339127834420651371e-03
2.336211974865623920e-03
2.334327293959046964e-03
2.315728179001737014e-03
2.323938010349160116e-03
2.295384180199887270e-03
2.300442457531711934e-03
2.289971830101595121e-03
2.280413781270562365e-03
2.281102427237090453e-03
2.262076632385807366e-03
2.260175561864993451e-03
2.261853513551787334e-03
2.233603616089870330e-03
2.238980123573648066e-03
2.242324650952858423e-03
2.231294606324462845e-03
2.221126489651699745e-03
2.210357713158286799e-03
2.212162229365536269e-03
2.208480405776451147e-03
2.200517664840888430e-03
2.197322820956330944e-03
2.190619149977075016e-03
2.176499768115934715e-03
2.175483035500205831e-03
