5.199944993853569031e+01
4.957637044787406921e+01
4.946130825579166412e+01
4.943046213686466217e+01
4.940224051475524902e+01
4.943106292188167572e+01
4.939810521900653839e+01
4.932108211517333984e+01
4.924314434826374054e+01
4.924936570227146149e+01
4.923136958479881287e+01
4.919399969279766083e+01
4.921365949511528015e+01
4.919017820060253143e+01
4.917177160084247589e+01
4.915846742689609528e+01
4.916752085089683533e+01
4.917309203743934631e+01
4.918433424830436707e+01
4.918538993597030640e+01
4.916534708440303802e+01
4.914043779671192169e+01
4.914940284192562103e+01
4.914071188867092133e+01
4.916085840761661530e+01
4.914623270928859711e+01
4.916173711419105530e+01
4.914413163065910339e+01
4.916839820146560669e+01
4.917618907988071442e+01
4.915219964087009430e+01
4.913330727815628052e+01
4.917709425091743469e+01
4.916520817577838898e+01
4.913648632168769836e+01
4.916305002570152283e+01
4.912065902352333069e+01
4.913763728737831116e+01
4.915181365609169006e+01
4.915255816280841827e+01
4.917512659728527069e+01
4.915515843033790588e+01
4.915755835175514221e+01
4.917227903008460999e+01
4.918691664934158325e+01
4.915945340692996979e+01
4.914923249185085297e+01
4.915312799811363220e+01
4.914423006772994995e+01
4.915182948112487793e+01
4.917160873115062714e+01
4.915364781022071838e+01
4.915734176337718964e+01
4.913818168640136719e+01
4.915740710496902466e+01
4.918794982135295868e+01
4.915712928771972656e+01
4.916509884595870972e+01
4.915029476583003998e+01
4.913270252943038940e+01
4.919782476127147675e+01
4.916894078254699707e+01
4.917859616875648499e+01
4.917509974539279938e+01
4.915285268425941467e+01
4.916438475251197815e+01
4.917154684662818909e+01
4.914615020155906677e+01
4.918311452865600586e+01
4.916865748167037964e+01
4.917834390699863434e+01
4.918155650794506073e+01
4.914385290443897247e+01
4.918605874478816986e+01
4.916087566316127777e+01
4.915535832941532135e+01
4.914622728526592255e+01
4.920604452490806580e+01
4.916173605620861053e+01
4.922241771221160889e+01
4.920783084630966187e+01
4.922633956372737885e+01
4.919573858380317688e+01
4.918932908773422241e+01
4.919753396511077881e+01
4.916506367921829224e+01
4.914234198629856110e+01
4.916062119603157043e+01
4.915930557250976562e+01
4.916054160892963409e+01
4.919459690153598785e+01
4.920944410562515259e+01
4.914537186920642853e+01
4.917604030668735504e+01
4.918390597403049469e+01
4.917494267225265503e+01
4.915490765869617462e+01
4.917118228971958160e+01
4.914220532774925232e+01
4.916316664218902588e+01
4.917038899660110474e+01
4.917979934811592102e+01
4.916229677200317383e+01
4.914649972319602966e+01
4.917208044230937958e+01
4.914658300578594208e+01
4.915430301427841187e+01
4.916969676315784454e+01
4.916301804780960083e+01
4.914941173791885376e+01
4.922486478090286255e+01
4.919961366057395935e+01
4.915201215445995331e+01
4.916020207107067108e+01
4.914595727622509003e+01
4.918768337368965149e+01
4.915975949168205261e+01
4.915157344937324524e+01
4.914019042253494263e+01
4.918434646725654602e+01
4.921486186981201172e+01
4.915726068615913391e+01
4.921303112804889679e+01
4.915239152312278748e+01
4.918708740174770355e+01
4.916150118410587311e+01
4.918547934293746948e+01
4.916386611759662628e+01
4.916098287701606750e+01
4.914819952845573425e+01
4.916842958331108093e+01
4.910980284214019775e+01
4.916337658464908600e+01
4.914532877504825592e+01
4.911334964632987976e+01
4.915298609435558319e+01
4.918988513946533203e+01
4.917923641204833984e+01
4.917103965580463409e+01
4.916725048422813416e+01
4.918616455793380737e+01
4.919969840347766876e+01
4.919190409779548645e+01
4.917050246894359589e+01
4.914006486535072327e+01
4.917613875865936279e+01
4.916462744772434235e+01
4.916400521993637085e+01
4.914042750000953674e+01
4.913810342550277710e+01
4.914627116918563843e+01
4.916436325013637543e+01
4.912940901517868042e+01
4.915321289002895355e+01
4.920052172243595123e+01
4.914772756397724152e+01
4.919429446756839752e+01
4.914684806764125824e+01
4.914580604434013367e+01
4.910292913019657135e+01
4.915871520340442657e+01
4.913982482254505157e+01
4.912136352062225342e+01
4.913775634765625000e+01
4.914329540729522705e+01
4.912889572978019714e+01
4.915912330150604248e+01
4.919644667208194733e+01
4.914636938273906708e+01
4.912419535219669342e+01
4.920429334044456482e+01
4.917407852411270142e+01
4.913401447236537933e+01
4.914236204326152802e+01
4.910755732655525208e+01
4.913381473720073700e+01
4.915756505727767944e+01
4.923552167415618896e+01
4.918772837519645691e+01
4.916977508366107941e+01
4.916438354551792145e+01
4.913988113403320312e+01
4.913235700130462646e+01
4.910403862595558167e+01
4.916230671107769012e+01
4.917339132726192474e+01
4.917014399170875549e+01
4.917668333649635315e+01
4.914797720313072205e+01
4.912225328385829926e+01
4.911338776350021362e+01
4.914670035243034363e+01
4.914818151295185089e+01
4.912648616731166840e+01
4.912989506125450134e+01
4.913412229716777802e+01
4.918394385278224945e+01
4.917800591886043549e+01
4.914610910415649414e+01
4.917055815458297729e+01
4.916687582433223724e+01
4.917052198946475983e+01
4.913545723259449005e+01
4.913216800987720490e+01
4.916215147078037262e+01
4.914467948675155640e+01
4.913890527188777924e+01
4.914677485823631287e+01
4.914180536568164825e+01
4.913094566762447357e+01
4.912695640325546265e+01
4.919852882623672485e+01
4.909988598525524139e+01
4.914181232452392578e+01
4.913678224384784698e+01
4.910585078597068787e+01
4.914317424595355988e+01
4.913549239933490753e+01
4.909285001456737518e+01
4.914783576130867004e+01
4.914257702231407166e+01
4.910803492367267609e+01
4.914261253178119659e+01
4.913064023852348328e+01
4.914487504959106445e+01
4.915393678843975067e+01
4.917860250174999237e+01
4.913318464159965515e+01
4.917435796558856964e+01
4.912256267666816711e+01
4.915984836220741272e+01
4.913466687500476837e+01
4.918253980576992035e+01
4.915325443446636200e+01
4.915055337548255920e+01
4.914122675359249115e+01
4.913655872642993927e+01
4.911104314029216766e+01
4.915725970268249512e+01
4.915405125916004181e+01
4.915516902506351471e+01
4.911710986495018005e+01
4.911494915187358856e+01
4.911829170584678650e+01
4.918076869845390320e+01
4.909412142634391785e+01
4.915170642733573914e+01
4.913921171426773071e+01
4.914546428620815277e+01
4.914303497970104218e+01
4.916149455308914185e+01
4.912139263749122620e+01
4.912543557584285736e+01
4.913721451163291931e+01
4.912457732856273651e+01
4.917630146443843842e+01
4.913165378570556641e+01
4.916015301644802094e+01
4.912903885543346405e+01
4.913521967828273773e+01
4.917028023302555084e+01
4.917646498978137970e+01
4.915041722357273102e+01
4.912009373307228088e+01
4.917119540274143219e+01
4.913636273145675659e+01
4.913239872455596924e+01
4.909358029067516327e+01
4.914588032662868500e+01
4.912645617127418518e+01
4.910926261544227600e+01
4.915249735116958618e+01
4.912803530693054199e+01
4.908613000810146332e+01
4.914263780415058136e+01
4.913054415583610535e+01
4.916661365330219269e+01
4.911247518658638000e+01
4.915054202079772949e+01
4.913758641481399536e+01
4.912152726948261261e+01
4.911229653656482697e+01
4.914317624270915985e+01
4.913453409075737000e+01
4.914015598595142365e+01
4.915245835483074188e+01
4.914609242975711823e+01
4.915075258910655975e+01
4.912067310512065887e+01
4.915168324112892151e+01
4.920127601921558380e+01
4.915050271153450012e+01
4.914149680733680725e+01
4.915683771669864655e+01
4.911796861886978149e+01
4.914251856505870819e+01
4.913446767628192902e+01
4.914517591893672943e+01
4.912270490825176239e+01
4.915683157742023468e+01
4.912690630555152893e+01
4.914419506490230560e+01
4.914405529201030731e+01
4.913453495502471924e+01
4.913803590834140778e+01
4.911561951041221619e+01
4.917494697868824005e+01
4.912141712009906769e+01
4.913982576131820679e+01
4.912882372736930847e+01
4.911714045703411102e+01
4.915601631999015808e+01
4.913608069717884064e+01
4.912090584635734558e+01
4.916958844661712646e+01
4.919359089434146881e+01
4.915117324888706207e+01
4.912628325819969177e+01
4.914112304151058197e+01
4.913802421092987061e+01
4.912484462559223175e+01
4.910541076958179474e+01
4.912031398713588715e+01
4.912638670206069946e+01
4.916078174114227295e+01
4.912356729805469513e+01
4.911984267830848694e+01
4.911728657782077789e+01
4.910676950216293335e+01
4.911181902885437012e+01
4.912155833840370178e+01
4.916553434729576111e+01
4.914877413213253021e+01
4.913984729349613190e+01
4.910711729526519775e+01
4.912307013571262360e+01
4.910528030991554260e+01
4.915392236411571503e+01
4.913287732005119324e+01
4.912450551986694336e+01
4.909370741248130798e+01
4.913027720153331757e+01
4.912670028209686279e+01
4.916183565557003021e+01
4.910258820652961731e+01
4.910919085144996643e+01
4.911388583481311798e+01
4.910814002156257629e+01
4.915831108391284943e+01
4.911566801369190216e+01
4.912448517978191376e+01
4.911212871968746185e+01
4.914344172179698944e+01
4.914549064636230469e+01
4.912825779616832733e+01
4.911903189122676849e+01
4.913260276615619659e+01
4.914217029511928558e+01
4.911771194636821747e+01
4.911223956942558289e+01
4.911548486351966858e+01
4.914484830200672150e+01
4.912913843989372253e+01
4.912139096856117249e+01
4.914229109883308411e+01
4.913780844211578369e+01
4.910102604329586029e+01
4.910939085483551025e+01
4.911066149175167084e+01
4.914730542898178101e+01
4.913559126853942871e+01
4.912861035764217377e+01
4.915459336340427399e+01
4.911377614736557007e+01
4.914267493784427643e+01
4.911564196646213531e+01
4.913998888432979584e+01
4.912974019348621368e+01
4.911548031866550446e+01
4.909028173983097076e+01
4.913001529872417450e+01
4.911626370251178741e+01
4.910320061445236206e+01
4.912729494273662567e+01
4.911290189623832703e+01
4.909439964592456818e+01
4.912838950753211975e+01
4.911304335296154022e+01
4.909769365191459656e+01
4.913568788766860962e+01
4.911422990262508392e+01
4.916096822917461395e+01
4.917117089033126831e+01
4.912863335013389587e+01
4.910697506368160248e+01
4.913101015985012054e+01
4.913624204695224762e+01
4.912968382239341736e+01
4.908409787714481354e+01
4.914344663918018341e+01
4.911205060780048370e+01
4.908039864897727966e+01
4.911401805281639099e+01
4.912453374266624451e+01
4.909108014404773712e+01
4.914716337621212006e+01
4.914666549861431122e+01
4.912357003986835480e+01
4.910994675755500793e+01
4.914494110643863678e+01
4.910948330163955688e+01
4.910223126411437988e+01
4.913356283307075500e+01
4.912141524255275726e+01
4.911689294874668121e+01
4.909184333682060242e+01
4.910990114510059357e+01
4.910413381457328796e+01
4.915162728726863861e+01
4.911396777629852295e+01
4.911522313952445984e+01
4.910278128087520599e+01
4.907291053235530853e+01
4.914648222923278809e+01
4.910765208303928375e+01
4.913923102617263794e+01
4.910282875597476959e+01
4.912341527640819550e+01
4.909797987341880798e+01
4.915366162359714508e+01
4.909947164356708527e+01
4.909347449243068695e+01
4.911342462897300720e+01
4.912707507610321045e+01
4.912167227268218994e+01
4.910613869130611420e+01
4.913537083566188812e+01
4.911263296008110046e+01
4.910801480710506439e+01
4.911438497900962830e+01
4.909570080041885376e+01
4.911393238604068756e+01
4.913316553831100464e+01
4.914589293301105499e+01
4.911384713649749756e+01
4.912874069809913635e+01
4.912368655204772949e+01
4.913611267507076263e+01
4.908014005422592163e+01
4.911523312330245972e+01
4.913070689141750336e+01
4.913798426091670990e+01
4.911317908763885498e+01
4.909913805127143860e+01
4.912114712595939636e+01
4.910356688499450684e+01
4.911478476226329803e+01
4.907598941028118134e+01
4.913042773306369781e+01
4.911296145617961884e+01
4.911326295137405396e+01
4.912076163291931152e+01
4.911996181309223175e+01
4.912379045784473419e+01
4.910109266638755798e+01
4.912613804638385773e+01
4.907840526103973389e+01
4.912254612147808075e+01
4.911795753240585327e+01
4.908891516923904419e+01
4.911316442489624023e+01
4.910940526425838470e+01
4.913627560436725616e+01
4.912142637372016907e+01
4.912063255906105042e+01
4.907736417651176453e+01
4.911697967350482941e+01
4.912639594078063965e+01
4.913362781703472137e+01
4.911523349583148956e+01
4.911490491032600403e+01
4.908714498579502106e+01
4.913070362806320190e+01
4.912003082036972046e+01
4.907470017671585083e+01
4.913671919703483582e+01
4.911924299597740173e+01
4.913259230554103851e+01
4.911892138421535492e+01
4.912532097101211548e+01
4.908982235193252563e+01
4.911933360993862152e+01
4.912982140481472015e+01
4.913330346345901489e+01
4.910876311361789703e+01
4.913161696493625641e+01
4.911818480491638184e+01
4.911375002562999725e+01
4.912435959279537201e+01
4.913100817799568176e+01
