3.869006691855334228e-03
3.688718039276344448e-03
3.680156864270213088e-03
3.677861766135763488e-03
3.675761943062146649e-03
3.677906467401910462e-03
3.675454257366558061e-03
3.669723371664683140e-03
3.663924430674385304e-03
3.664387329038055335e-03
3.663048332202292496e-03
3.660267834285540426e-03
3.661730617196077425e-03
3.659983497068640922e-03
3.658613958396017725e-03
3.657624064501197730e-03
3.658297682358395506e-03
3.658712205166618232e-03
3.659548679189313179e-03
3.659627227378742936e-03
3.658135943779988047e-03
3.656282574160113399e-03
3.656949616214703880e-03
3.656302967907062388e-03
3.657801964852426709e-03
3.656713743250639657e-03
3.657867344805882173e-03
3.656557412995468936e-03
3.658362961418571997e-03
3.658942639872076862e-03
3.657157711374263171e-03
3.655752029624723207e-03
3.659009988907547389e-03
3.658125608316844298e-03
3.655988565601763114e-03
3.657965031674220539e-03
3.654810939250247980e-03
3.656074202929933750e-03
3.657128992268726762e-03
3.657184387113721676e-03
3.658863586107534947e-03
3.657377859400141613e-03
3.657556424981781278e-03
3.658651713547962214e-03
3.659740822123629892e-03
3.657697426110860690e-03
3.656936941357950312e-03
3.657226785573930959e-03
3.656564737182288038e-03
3.657130169726553314e-03
3.658601840115374010e-03
3.657265462069994068e-03
3.657540309775088316e-03
3.656114708809625382e-03
3.657545171500671630e-03
3.659817695041142800e-03
3.657524500574384566e-03
3.658117473657641981e-03
3.657015979600449374e-03
3.655707033439761170e-03
3.660552437594603858e-03
3.658403332034746661e-03
3.659121738746762102e-03
3.658861588198869183e-03
3.657206300912158991e-03
3.658064341704760341e-03
3.658597235612216347e-03
3.656707604282668535e-03
3.659457926239286299e-03
3.658382253100474560e-03
3.659102969270731833e-03
3.659342002079245520e-03
3.656536674437423605e-03
3.659676989939596170e-03
3.657803248747119092e-03
3.657392732843402043e-03
3.656713339677524193e-03
3.661164027150897587e-03
3.657867266086950193e-03
3.662382270253839757e-03
3.661296937969469104e-03
3.662674074682096756e-03
3.660397216056784139e-03
3.659920319027843739e-03
3.660530800975504186e-03
3.658114857084694520e-03
3.656424254932928632e-03
3.657784315180920287e-03
3.657686426526024406e-03
3.657778393521549966e-03
3.660312269459523038e-03
3.661416972144728669e-03
3.656649692649287849e-03
3.658931570438047308e-03
3.659516813543935588e-03
3.658849901209274783e-03
3.657359200795846314e-03
3.658570110842230671e-03
3.656414086886105273e-03
3.657973708496207142e-03
3.658511086056629846e-03
3.659211261020529730e-03
3.657908986012140939e-03
3.656733610356847648e-03
3.658636937671828904e-03
3.656739806978120608e-03
3.657314212371905703e-03
3.658459580592101495e-03
3.657962652366785871e-03
3.656950278118962280e-03
3.662564343817177083e-03
3.660685540221276894e-03
3.657143761492555930e-03
3.657753130287996236e-03
3.656693249719128545e-03
3.659797870066194229e-03
3.657720200273962066e-03
3.657111119745033116e-03
3.656264168343373745e-03
3.659549588337540800e-03
3.661820079599108213e-03
3.657534277243983025e-03
3.661683863694114270e-03
3.657171988327588465e-03
3.659753526915751880e-03
3.657849790484067869e-03
3.659633879682847642e-03
3.658025752797367924e-03
3.657811225968457449e-03
3.656860083962480256e-03
3.658365296377312677e-03
3.654003187659240863e-03
3.657989329214961661e-03
3.656646486238709394e-03
3.654267086780496956e-03
3.657216227258599985e-03
3.659961691924504008e-03
3.659169375896454031e-03
3.658559498199749713e-03
3.658277565790783725e-03
3.659684862941503698e-03
3.660691845496850255e-03
3.660111912038354742e-03
3.658519528939255510e-03
3.656254826290976454e-03
3.658938895733583694e-03
3.658082399384251799e-03
3.658036102673837241e-03
3.656281808036423737e-03
3.656108885826099466e-03
3.656716604850121771e-03
3.658062741825623184e-03
3.655461980296032757e-03
3.657233101936678034e-03
3.660753104347913220e-03
3.656824967557830656e-03
3.660289766932172447e-03
3.656759528842355635e-03
3.656681997346736181e-03
3.653491750758673575e-03
3.657642500253305371e-03
3.656236965963173373e-03
3.654863357189155806e-03
3.656083061581566311e-03
3.656495193995180654e-03
3.655423789418169381e-03
3.657672864695390210e-03
3.660449901196573610e-03
3.656723912406180735e-03
3.655074058943206562e-03
3.661033730687839830e-03
3.658785604472671038e-03
3.655804648241471697e-03
3.656425747266482673e-03
3.653836110606789502e-03
3.655789786994102265e-03
3.657556923904589294e-03
3.663357267422335476e-03
3.659801218392593359e-03
3.658465408010496984e-03
3.658064251898655080e-03
3.656241155806041858e-03
3.655681324501832124e-03
3.653574302526457155e-03
3.657909725526614034e-03
3.658734473754607450e-03
3.658492856525948859e-03
3.658979414917883609e-03
3.656843541899607117e-03
3.654929559810885485e-03
3.654269922879480222e-03
3.656748538127257628e-03
3.656858743523203319e-03
3.655244506496404047e-03
3.655498144438578800e-03
3.655812670920221760e-03
3.659519631903440998e-03
3.659077821343782212e-03
3.656704546440215330e-03
3.658523672215995438e-03
3.658249689310434389e-03
3.658520981358985135e-03
3.655911996472804414e-03
3.655667262639673062e-03
3.657898174909253886e-03
3.656598176097586219e-03
3.656168547015459843e-03
3.656754081714011333e-03
3.656384327803694281e-03
3.655576314555392375e-03
3.655279494289840822e-03
3.660604823380708694e-03
3.653265326283872041e-03
3.656384845574697003e-03
3.656010583619631257e-03
3.653709135860914309e-03
3.656486179014401851e-03
3.655914613045751875e-03
3.652741816560072744e-03
3.656833017954514136e-03
3.656441742731701954e-03
3.653871646106597853e-03
3.656444384805148697e-03
3.655553589175854559e-03
3.656612726904096868e-03
3.657286963425576774e-03
3.659122209951636267e-03
3.655742904880926718e-03
3.658806396249149502e-03
3.654952580109238798e-03
3.657726812664241923e-03
3.655853190104521241e-03
3.659415164119785534e-03
3.657236193040651947e-03
3.657035221390071526e-03
3.656341276308965309e-03
3.655993952859370576e-03
3.654095471747929348e-03
3.657534204068637902e-03
3.657295480592264846e-03
3.657378647698178269e-03
3.654546864951650504e-03
3.654386097609642076e-03
3.654634799542171540e-03
3.659283385301629731e-03
3.652836415650589051e-03
3.657121013938671120e-03
3.656191347787777785e-03
3.656656568914297065e-03
3.656475816942041969e-03
3.657849297104846711e-03
3.654865523622859245e-03
3.655166337488307757e-03
3.656042746401258915e-03
3.655102479803775187e-03
3.658951001818335977e-03
3.655629001912616416e-03
3.657749480390477901e-03
3.655434438648323334e-03
3.655894321300799145e-03
3.658502993528686947e-03
3.658963168882543252e-03
3.657025091039637580e-03
3.654768878948830464e-03
3.658571086513499274e-03
3.655979369900056505e-03
3.655684428910414320e-03
3.652796152579997069e-03
3.656687524302729749e-03
3.655242274648376911e-03
3.653962992220407581e-03
3.657179862438213278e-03
3.655359769860903277e-03
3.652241816078977913e-03
3.656446265189775349e-03
3.655546440166376840e-03
3.658230182537365593e-03
3.654202022811486698e-03
3.657034376547450318e-03
3.656070417768898448e-03
3.654875540884122784e-03
3.654188730399168718e-03
3.656486327582526667e-03
3.655843310324209238e-03
3.656261606097576267e-03
3.657176960924906316e-03
3.656703305785500083e-03
3.657050043832333393e-03
3.654811986988144423e-03
3.657119288774473426e-03
3.660809227620207083e-03
3.657031451751079076e-03
3.656361369593512378e-03
3.657502806301982622e-03
3.654610760332572920e-03
3.656437393233534939e-03
3.655838368770976659e-03
3.656635113016125632e-03
3.654963162816351335e-03
3.657502349510434025e-03
3.655275766782107791e-03
3.656562132805231142e-03
3.656551733036481414e-03
3.655843374629815217e-03
3.656103862227783486e-03
3.654435975477099419e-03
3.658850221628589128e-03
3.654867345245466342e-03
3.656237035812366643e-03
3.655418432095930772e-03
3.654549141148371195e-03
3.657441690475458050e-03
3.655958385206758803e-03
3.654829304044445500e-03
3.658451521325678871e-03
3.660237417733740173e-03
3.657081342923144702e-03
3.655229409092239107e-03
3.656333559636204024e-03
3.656102991884662996e-03
3.655122367975612453e-03
3.653676396546264374e-03
3.654785266899991496e-03
3.655237105808087968e-03
3.657796260501657189e-03
3.655027328724307686e-03
3.654750199278905456e-03
3.654560013230712806e-03
3.653777492720456429e-03
3.654153201551664509e-03
3.654877852559799186e-03
3.658149877030934718e-03
3.656902837212241877e-03
3.656238637908938369e-03
3.653803370183422283e-03
3.654990337478617856e-03
3.653666689725858750e-03
3.657285890187181050e-03
3.655720038694285079e-03
3.655097136894861713e-03
3.652805611047716186e-03
3.655526577495038423e-03
3.655260437656016482e-03
3.657874676753722701e-03
3.653466384414405868e-03
3.653957652637646394e-03
3.654306981756928318e-03
3.653879465890072682e-03
3.657612431838753748e-03
3.654439584352076054e-03
3.655095623495677962e-03
3.654176244024364816e-03
3.656506080490847400e-03
3.656658530235290701e-03
3.655376324119667415e-03
3.654689872859134391e-03
3.655699610577098097e-03
3.656411480291613374e-03
3.654591662676206446e-03
3.654184491772736673e-03
3.654425957107118161e-03
3.656610736756452529e-03
3.655441848206378123e-03
3.654865399446515992e-03
3.656420468663176045e-03
3.656086937657424592e-03
3.653350152030942176e-03
3.653972533841927817e-03
3.654067075279142287e-03
3.656793558704001662e-03
3.655921969385373966e-03
3.655402556372185606e-03
3.657335815729484668e-03
3.654298820488509868e-03
3.656449028113413491e-03
3.654437646314147130e-03
3.656249172941205064e-03
3.655486621539152936e-03
3.654425618948326394e-03
3.652550724689804327e-03
3.655507090678882052e-03
3.654483906436889126e-03
3.653511950480086475e-03
3.655304683239332143e-03
3.654233772041542028e-03
3.652857116512244536e-03
3.655386124072330153e-03
3.654244297095352728e-03
3.653102206243645511e-03
3.655929158308676100e-03
3.654332582040556963e-03
3.657810136099301588e-03
3.658569262673457608e-03
3.655404267123057733e-03
3.653792787476309745e-03
3.655581113084086561e-03
3.655970390398232545e-03
3.655482427261414879e-03
3.652090615858989003e-03
3.656506446367573018e-03
3.654170432128012180e-03
3.651815375667952571e-03
3.654316819405981336e-03
3.655099236805524170e-03
3.652610129765456772e-03
3.656782989301496974e-03
3.656745944837374446e-03
3.655027532728300204e-03
3.654013895651414372e-03
3.656617641848112880e-03
3.653979412324371602e-03
3.653439826198986475e-03
3.655771044127288129e-03
3.654867205547080236e-03
3.654530725353175545e-03
3.652666914942009034e-03
3.654010501867603535e-03
3.653581385012893458e-03
3.657115125540821507e-03
3.654313078593640022e-03
3.654406483595570073e-03
3.653480750065119572e-03
3.651258224133579425e-03
3.656732308722677842e-03
3.653843160940422816e-03
3.656192784685464124e-03
3.653484282438598796e-03
3.655016017589895333e-03
3.653123502486518414e-03
3.657266489850978086e-03
3.653234497289217612e-03
3.652788280686807259e-03
3.654272665846205938e-03
3.655288324114822247e-03
3.654886329812662843e-03
3.653730557388847749e-03
3.655905568129604651e-03
3.654213761910796079e-03
3.653870149338174240e-03
3.654344120462026113e-03
3.652953928602593273e-03
3.654310445389931990e-03
3.655741483505283232e-03
3.656688462277608073e-03
3.654304102417968783e-03
3.655412254322852519e-03
3.655036201789265381e-03
3.655960764514193471e-03
3.651796134987047703e-03
3.654407226436195023e-03
3.655558548468564126e-03
3.656100019413445479e-03
3.654254396401700536e-03
3.653209676433886912e-03
3.654847256395788412e-03
3.653539202752567258e-03
3.654373866239828822e-03
3.651487307312587839e-03
3.655537777757715805e-03
3.654238203584792878e-03
3.654260636262950633e-03
3.654818573877924998e-03
3.654759063474124440e-03
3.655043932875352234e-03
3.653355109106217174e-03
3.655218604641656197e-03
3.651667058113075483e-03
3.654951348324261828e-03
3.654609935446864136e-03
3.652449045330285853e-03
3.654253305423827390e-03
3.653973605971605823e-03
3.655972887229706758e-03
3.654868033758941308e-03
3.654808970168232918e-03
3.651589596466649299e-03
3.654537178088156871e-03
3.655237793212845216e-03
3.655775879243654877e-03
3.654407254154128874e-03
3.654382805827827499e-03
3.652317335252605601e-03
3.655558305659464477e-03
3.654764197944175824e-03
3.651391382196119730e-03
3.656005892636520621e-03
3.654705580057842317e-03
3.655698832257517870e-03
3.654681650611261382e-03
3.655157810343163255e-03
3.652516544042598481e-03
3.654712322168052283e-03
3.655492664048714223e-03
3.655751745793081424e-03
3.653925826906093653e-03
3.655626262272042987e-03
3.654626845603897462e-03
3.654296876906993653e-03
3.655086279225846103e-03
3.655580965624678595e-03
