1.117822711489030278e-02
1.088375698863750483e-02
1.061294180385413677e-02
1.036258382900130150e-02
1.013169172441675571e-02
9.919611590781382202e-03
9.724233033401625745e-03
9.543230974425871357e-03
9.375040273049048065e-03
9.218516959143536679e-03
9.072675826471476856e-03
8.936896126362539952e-03
8.810458496390354347e-03
8.692806728539012942e-03
8.583359087684325553e-03
8.481695755784000521e-03
8.387274259612673491e-03
8.299702334971655396e-03
8.218567153172833331e-03
8.143537762087016060e-03
8.074238089223702286e-03
8.010410965375957051e-03
7.951703971429240070e-03
7.897835989881838575e-03
7.848623909410976096e-03
7.803721541893624165e-03
7.762974797792377910e-03
7.726156487617464284e-03
7.693052081213820961e-03
7.663446292281150644e-03
7.637216782729540528e-03
7.614158107233899055e-03
7.594083892625002295e-03
7.576891713376556273e-03
7.562383089125866188e-03
7.550473431391375133e-03
7.541006473114802815e-03
7.533836318179965366e-03
7.528915744097459603e-03
7.526043913371506522e-03
7.525210095835583451e-03
7.526268031714218078e-03
7.529130633476943842e-03
7.533671409778651580e-03
7.539838443820675619e-03
7.547571268376140202e-03
7.556750252842902964e-03
7.567359795350403658e-03
7.579296004648009531e-03
7.592460914470610008e-03
7.606846362441068918e-03
7.622377519007949957e-03
7.639002853206225928e-03
7.656651282949107282e-03
7.675282548492153890e-03
7.694847852967324695e-03
7.715313489149723883e-03
7.736643747470918139e-03
7.758763634289304358e-03
7.781635317951440638e-03
7.805232714772934038e-03
7.829540171882226618e-03
7.854518125809374640e-03
7.880079211844574771e-03
7.906293478750046552e-03
7.933025217304627216e-03
7.960328683700590088e-03
7.988143111357376078e-03
8.016457244576443569e-03
8.045221583562947934e-03
8.074438157269643243e-03
8.104079504985185756e-03
8.134112961678987078e-03
8.164543964500938986e-03
8.195316658488341344e-03
8.226432651281357505e-03
8.257915953262931485e-03
8.289715381605285149e-03
8.321748607392822142e-03
8.349919106279100889e-03
8.364400981614986477e-03
8.378060982518252195e-03
8.391975465097597023e-03
8.406121802649327984e-03
8.420479634688013762e-03
8.435087855018320868e-03
8.449886610642784804e-03
8.464862583648591343e-03
8.480017738682883374e-03
8.495353290899877730e-03
8.510868646027076878e-03
8.526519091711157530e-03
8.542338692184006307e-03
8.558279453288941338e-03
8.574404988792680427e-03
8.590625776421455945e-03
8.606961001420304624e-03
8.623422872984693593e-03
8.640049415684880954e-03
8.656734050739378974e-03
8.673496752799976159e-03
8.690391538576001940e-03
8.707388273129860676e-03
8.724423422522487731e-03
8.741580686044124818e-03
8.758826154683317308e-03
8.776156542201837482e-03
8.793541939840429644e-03
8.810985128262213695e-03
8.828513825400953821e-03
8.846097066998482097e-03
8.863760548688115817e-03
8.881458365136669225e-03
8.899224043956825009e-03
8.917049726560002942e-03
8.934910001144522745e-03
8.952776848205497989e-03
8.970755751111678458e-03
8.988737514508621587e-03
8.998033666007576245e-03
8.996895124160108823e-03
8.995758746528909403e-03
8.994698608737616494e-03
8.993661558876434731e-03
8.992617297917605140e-03
8.991621966872895971e-03
8.990696884159531457e-03
8.989761760901836957e-03
8.988850798812651061e-03
8.987984318463575900e-03
8.987111185810395600e-03
8.986281692272141131e-03
8.985503576695919037e-03
8.984705615079118662e-03
8.983937704137393357e-03
8.983198828285647933e-03
8.982451894276198903e-03
8.981762631308464612e-03
8.981064440948621774e-03
8.980366574334246871e-03
8.979696305912165943e-03
8.979040606036072653e-03
8.978396170728262723e-03
8.977758547379857332e-03
8.977138384112289676e-03
8.976512841348137720e-03
8.975924790969916009e-03
8.975323817382255959e-03
8.974768199203978988e-03
8.974185803284247254e-03
8.973615678648154056e-03
8.973031255993104555e-03
8.972499417584565984e-03
8.971991350076027535e-03
8.971412218220177828e-03
8.970910474835407447e-03
8.970377878064201074e-03
8.969849321459021085e-03
8.969330756614605354e-03
8.968804355355955091e-03
8.968320861458777687e-03
8.967812022282964021e-03
8.967294118234089839e-03
8.966819693644842090e-03
8.966307475098541854e-03
8.965824194075096981e-03
8.965348643029020376e-03
8.964831107074305513e-03
8.964365574398211467e-03
8.963879863066332929e-03
8.963385787570761140e-03
8.962896745651960026e-03
8.962399942711704939e-03
8.961946628100814563e-03
8.961443886870429018e-03
8.960963523991050811e-03
8.960484438354060846e-03
8.959994664681808496e-03
8.959504332216013459e-03
8.959045589324973052e-03
8.958533716698488178e-03
8.958044878783679582e-03
8.957577102063667834e-03
8.957092007178635990e-03
8.956556656353529752e-03
8.956088520409095227e-03
8.955599185788915353e-03
8.955089277809575102e-03
8.954582341192732914e-03
8.954080726419176225e-03
8.953551775110618616e-03
8.953059854961576552e-03
8.952555051516918397e-03
8.951994053842057125e-03
8.951488562992640854e-03
8.950963873593580436e-03
8.950461385150749669e-03
8.949906170545588596e-03
8.949374132567928380e-03
8.948804455853644202e-03
8.948255711722941444e-03
8.947688700365169154e-03
8.947094361342134219e-03
8.946544490754604340e-03
8.945979297693286425e-03
8.945386892273312143e-03
8.944799782087405060e-03
8.944217293035416211e-03
8.943631544354416207e-03
8.943011026297296648e-03
8.942369025732789523e-03
8.941738835225502766e-03
8.941099557670809800e-03
8.940473305327552300e-03
8.939802934903474246e-03
8.939142281278258245e-03
8.938463231814759019e-03
8.937787184757845296e-03
8.937078652282555435e-03
8.936360797711781143e-03
8.935661702638580256e-03
8.934908076411202105e-03
8.934145682447013070e-03
8.933411072939633976e-03
8.932649863085576070e-03
8.931883331388234398e-03
8.931045961521921414e-03
8.930238207713478427e-03
8.929403441115504186e-03
8.928587646888835883e-03
8.927695501950525664e-03
8.926803574320815379e-03
8.925892102221647320e-03
8.924961546879439656e-03
8.924004218230644631e-03
8.923033979677018682e-03
8.922069258100929004e-03
8.921056249666782165e-03
8.920010986427466537e-03
8.918903621711901306e-03
8.917815637375627047e-03
8.916692018863700900e-03
8.915535985891308302e-03
8.914366000819774760e-03
8.913085822548185225e-03
8.911856827104375559e-03
8.910540118813514363e-03
8.909205631131218370e-03
8.907775620796851146e-03
8.906327702459835433e-03
8.904832277801774318e-03
8.903298048036439871e-03
8.901691139631328839e-03
8.900005804995695866e-03
8.898267934897115955e-03
8.896507256265197977e-03
8.894612023695593755e-03
8.892606367312726190e-03
8.890564602223181151e-03
8.888409725789513452e-03
8.886138575949839927e-03
8.883794570075613864e-03
8.881291551958946789e-03
8.878679143353586378e-03
8.875907815638042070e-03
8.872986407507034434e-03
8.869898217242388333e-03
8.866604293386141922e-03
8.863098892782415514e-03
8.859364431174028554e-03
8.855391147413424133e-03
8.851111436351423792e-03
8.846491198277189535e-03
8.841523377313500326e-03
8.836157096638565939e-03
8.830284939280577672e-03
8.823864303884052310e-03
8.816829217331749804e-03
8.809055827025855448e-03
8.800438059759991064e-03
8.790771902671882729e-03
8.779891859740018498e-03
8.767533834491457803e-03
8.753398992121219288e-03
8.737041388771363271e-03
8.717799004876897531e-03
8.694954611183632748e-03
8.667269105180388719e-03
8.633019588887690804e-03
8.589522615962085633e-03
8.532436959268082516e-03
8.454262367671444220e-03
8.341061456927230736e-03
8.162909670777264773e-03
7.843476600412811750e-03
7.138589902647904210e-03
6.716181697057826278e-03
6.717994480970359596e-03
6.713606707663053591e-03
6.716237889070595692e-03
6.718710789989148016e-03
6.713502490449519203e-03
6.713873990589664525e-03
6.715083013599117655e-03
6.714217877015471285e-03
6.711972283110731984e-03
6.713383691385388027e-03
6.714132421516946607e-03
6.713216751813888203e-03
6.714491523979675136e-03
6.716174481525307577e-03
6.714799425875147242e-03
6.711613032079878638e-03
6.712551752016657908e-03
6.709475358504624759e-03
6.712178591017922170e-03
6.708521495706268843e-03
6.713216991296836432e-03
6.712532358332758652e-03
6.709979390282006829e-03
6.712256150231474608e-03
6.710881298585306791e-03
6.710721060101475233e-03
6.709343356834281298e-03
6.709849178081466609e-03
6.711198247614361123e-03
6.707988821324848208e-03
6.708187592171487197e-03
6.709565095869558619e-03
6.707765370429981042e-03
6.706340049970008037e-03
6.706825971958182801e-03
6.710925973242237198e-03
6.707733809681874944e-03
6.705755028607590131e-03
6.709381969024737560e-03
6.710655233334927167e-03
6.711147392966917459e-03
6.706736281159378366e-03
6.704996198060966459e-03
6.705695038129176264e-03
6.703975109294766851e-03
6.708500070852183549e-03
6.703967015658105801e-03
6.704501909691663007e-03
6.706213370142948341e-03
6.705432722256297190e-03
6.704098258965781459e-03
6.703161969337434987e-03
6.706425678428439528e-03
6.701408222406392626e-03
6.705033309048129969e-03
6.702534563928132932e-03
6.704394177844127251e-03
6.700115069924366187e-03
6.702436116479692195e-03
6.705744564533233990e-03
6.701665651053190405e-03
6.701141405141069866e-03
6.700332394047152362e-03
6.704520192440776259e-03
6.699567795952870476e-03
6.700497475408372094e-03
6.699426984414458448e-03
6.702597616683869143e-03
6.698530318126791686e-03
6.700545775571040141e-03
6.700225005901994796e-03
6.703719738427372545e-03
6.701020665821575198e-03
6.696691443877560851e-03
6.699649672511787807e-03
6.698975707626058686e-03
6.699245438600579840e-03
6.697863043241557984e-03
6.698409492327343610e-03
6.699567283725454611e-03
6.696679797910509019e-03
6.698342703194136091e-03
6.696801131502503820e-03
6.695916244227971721e-03
6.695127901842906279e-03
6.694667531354796600e-03
6.694196122476742637e-03
6.695719597683775885e-03
6.696394258844000531e-03
6.694938189217022363e-03
6.695956317707895886e-03
6.696444858486453981e-03
6.692292173171326963e-03
6.693411693863925323e-03
6.693741337706645214e-03
6.695507473445364358e-03
6.693741324402036931e-03
6.694821241710867572e-03
6.693313725381380176e-03
6.691737297833675810e-03
6.692823164519809756e-03
6.688660671490998140e-03
6.691436735647065225e-03
6.694304654818205615e-03
6.691361149950396554e-03
6.693152364875588900e-03
6.695160398348456131e-03
6.690313092743357080e-03
6.689915624225423359e-03
6.691171322017908096e-03
6.691078877165203796e-03
6.689302044521484858e-03
6.690160315927295293e-03
6.689323296415664206e-03
6.687095253506586921e-03
6.689286946008603067e-03
6.689049764758064898e-03
6.687800960970067231e-03
6.688377338772018808e-03
6.686683773018774549e-03
6.684907913828889645e-03
6.687576971238567633e-03
6.684621738358622473e-03
6.687452617500509906e-03
6.689112941690143928e-03
6.686715258374100954e-03
6.688775672089485730e-03
6.685676290431902258e-03
6.686055877556403189e-03
6.683302083097043475e-03
6.684948235661501183e-03
6.683871307454648629e-03
6.684818358293601742e-03
6.682107690721750259e-03
6.682831073357235405e-03
6.680965576586979197e-03
6.685763085260987455e-03
6.683516921475530018e-03
6.682806555181742061e-03
6.681877033164103537e-03
6.681238101529223330e-03
6.678903686060081932e-03
6.682655494660139257e-03
6.681028445295634881e-03
6.679129545089034468e-03
6.679675271291108003e-03
6.678972987546807384e-03
6.679766591904418883e-03
6.677727516563165995e-03
6.677167765086605526e-03
6.678802781693991830e-03
6.677549084027608294e-03
6.678479104968053533e-03
6.677012338436075570e-03
6.677333589288450208e-03
6.678525679966523451e-03
6.676549559813879653e-03
6.677544879771414241e-03
6.676430818403050749e-03
6.674695941841318064e-03
6.674568304082467186e-03
6.675429325107307479e-03
6.675026348481575764e-03
6.673883070193585565e-03
6.673151345568753730e-03
6.676526908718404679e-03
6.674668399084891790e-03
6.669268218268241052e-03
6.670248453017501265e-03
6.669787838611574218e-03
6.673096468494761971e-03
6.670861216705469693e-03
6.671620526217988956e-03
6.670289553169693464e-03
6.668066246701138088e-03
6.668602309322782702e-03
6.668112072206678481e-03
6.667554491598691457e-03
6.668348346526424032e-03
6.666109455926787566e-03
6.668430531308764710e-03
6.666827767289110890e-03
6.665300957060285927e-03
6.664490300629819994e-03
6.667521391950902328e-03
6.664097595161625615e-03
6.665034002314011198e-03
6.665208454554279356e-03
6.663121183269790117e-03
6.664109904141653565e-03
6.661406188227591424e-03
6.662848607326547420e-03
6.663764753778065979e-03
6.660347134761867086e-03
6.657874630764126951e-03
6.659281686214464126e-03
6.659219103554884361e-03
6.657440900536520066e-03
6.658172430027098528e-03
6.658097740174049629e-03
6.655779354540365504e-03
6.654012901708483869e-03
6.654076890221663834e-03
