6.443556730449199677e+01
4.846766658127307892e+01
4.772670389711856842e+01
4.715980529785156250e+01
4.649344396591186523e+01
4.595206947624683380e+01
4.541820067167282104e+01
4.489016065001487732e+01
4.443561100959777832e+01
4.384531252086162567e+01
4.337979675829410553e+01
4.291931188106536865e+01
4.253544901311397552e+01
4.207551446557044983e+01
4.169764102995395660e+01
4.136863562464714050e+01
4.090301242470741272e+01
4.056062550842761993e+01
4.017035833001136780e+01
3.978367383778095245e+01
3.946001411974430084e+01
3.897041282057762146e+01
3.867070649564266205e+01
3.833863915503025055e+01
3.805666311085224152e+01
3.770505191385746002e+01
3.737734496593475342e+01
3.703332133591175079e+01
3.659589773416519165e+01
3.635415224730968475e+01
3.597901801764965057e+01
3.577601695060729980e+01
3.540661494433879852e+01
3.499266926944255829e+01
3.481822079420089722e+01
3.447919936478137970e+01
3.422640846669673920e+01
3.377023039758205414e+01
3.347888553142547607e+01
3.338546322286128998e+01
3.317695452272891998e+01
3.278425197303295135e+01
3.254848977923393250e+01
3.212514287233352661e+01
3.187400224804878235e+01
3.169439598917961121e+01
3.139309443533420563e+01
3.119947846978902817e+01
3.092519319057464600e+01
3.069747954607009888e+01
3.064835101366043091e+01
3.013756266981363297e+01
2.998385640233755112e+01
2.977683774381875992e+01
2.952722373604774475e+01
2.930822587758302689e+01
2.920928698033094406e+01
2.899712014198303223e+01
2.878234468400478363e+01
2.869806864112615585e+01
2.830197276175022125e+01
2.806802938878536224e+01
2.813405910879373550e+01
2.793757776916027069e+01
2.753650399297475815e+01
2.758064378798007965e+01
2.731083076447248459e+01
2.710060627758502960e+01
2.715894061326980591e+01
2.677923470735549927e+01
2.663070609420537949e+01
2.645597331225872040e+01
2.650969517230987549e+01
2.618953764438629150e+01
2.612276416271924973e+01
2.590863889455795288e+01
2.576697489619255066e+01
2.564919399470090866e+01
2.554281342029571533e+01
2.531057820469141006e+01
2.527513590455055237e+01
2.515363617986440659e+01
2.501252030581235886e+01
2.494708833098411560e+01
2.480515659600496292e+01
2.458112332969903946e+01
2.443135624378919601e+01
2.442652655392885208e+01
2.430544035136699677e+01
2.405575685948133469e+01
2.400426703691482544e+01
2.387723362445831299e+01
2.381714942306280136e+01
2.377665288001298904e+01
2.363355679064989090e+01
2.358766357600688934e+01
2.329561656713485718e+01
2.336656495183706284e+01
2.315444440394639969e+01
2.308273455500602722e+01
