4.794313043488988152e-03
3.606225192059008683e-03
3.551094039964179400e-03
3.508914084661574756e-03
3.459333628416061575e-03
3.419052788411222708e-03
3.379330407118513648e-03
3.340041715030868906e-03
3.306221057261739434e-03
3.262300038754585140e-03
3.227663449277835394e-03
3.193401181626887367e-03
3.164839956332885298e-03
3.130618635831134648e-03
3.102503052823955224e-03
3.078023483976721590e-03
3.043378900647872917e-03
3.017903683662769357e-03
2.988865947173464932e-03
2.960094779596797194e-03
2.936012955338117639e-03
2.899584287245358764e-03
2.877284709497221742e-03
2.852577318082607800e-03
2.831596957652696752e-03
2.805435410257251568e-03
2.781052452822526441e-03
2.755455456541052763e-03
2.722909057601576640e-03
2.704922042210542148e-03
2.677010269170360980e-03
2.661906023110662163e-03
2.634420754787113184e-03
2.603621225404952055e-03
2.590641428139947838e-03
2.565416619403376296e-03
2.546607772819697770e-03
2.512665952201045740e-03
2.490988506802490569e-03
2.484037442177179124e-03
2.468523401988758931e-03
2.439304462279237237e-03
2.421762632383477228e-03
2.390263606572435185e-03
2.371577548217915221e-03
2.358213987290149437e-03
2.335795716914747504e-03
2.321389767097397847e-03
2.300981636203470668e-03
2.284038656701644406e-03
2.280383259944972641e-03
2.242378174837324038e-03
2.230941696602496346e-03
2.215538522605562527e-03
2.196966051789266735e-03
2.180671568272546552e-03
2.173310043179385760e-03
2.157523820088023264e-03
2.141543503274165490e-03
2.135272964369505817e-03
2.105801544773082141e-03
2.088395043808434579e-03
2.093307969404295966e-03
2.078688822110139056e-03
2.048847023286812490e-03
2.052131234224708212e-03
2.032055860451821832e-03
2.016414157558410122e-03
2.020754509915908149e-03
1.992502582392522391e-03
1.981451346295042947e-03
1.968450395257345144e-03
1.972447557463532369e-03
1.948626312826360913e-03
1.943658047821372747e-03
1.927726108226038206e-03
1.917185632157183874e-03
1.908422172224769932e-03
1.900506950914859815e-03
1.883227544991920421e-03
1.880590469088582774e-03
1.871550311001815917e-03
1.861050617991991075e-03
1.856182167483937150e-03
1.845621770536083487e-03
1.828952628697845095e-03
1.817809244329553209e-03
1.817449892405420455e-03
1.808440502333853901e-03
1.789862861568551665e-03
1.786031773579972205e-03
1.776579882772195973e-03
1.772109332073125085e-03
1.769096196429537950e-03
1.758449165970973980e-03
1.755034492262417395e-03
1.733304804102295997e-03
1.738583701773590987e-03
1.722800922912678598e-03
1.717465368676043738e-03
