5.511094702780246735e+01
3.426155215501785278e+01
3.307618243992328644e+01
3.213349700719118118e+01
3.073905218392610550e+01
2.970746818184852600e+01
2.881413374096155167e+01
2.814405242353677750e+01
2.758396097272634506e+01
2.715229774266481400e+01
2.678406900912523270e+01
2.633786426484584808e+01
2.569780871272087097e+01
2.508883957564830780e+01
2.460096825659275055e+01
2.395683673769235611e+01
2.333221552520990372e+01
2.280802179127931595e+01
2.224757492542266846e+01
2.178155387938022614e+01
2.109921943396329880e+01
2.062986399233341217e+01
2.013212089985609055e+01
1.975369595736265182e+01
1.933311104774475098e+01
1.907508557289838791e+01
1.877083519101142883e+01
1.863898143917322159e+01
1.836251617223024368e+01
1.829612889140844345e+01
1.820071551203727722e+01
1.791520482301712036e+01
1.781162628531455994e+01
1.741737365722656250e+01
1.731347756832838058e+01
1.716667082905769348e+01
1.686102118343114853e+01
1.679692139476537704e+01
1.659521774947643280e+01
1.641509033739566803e+01
1.635285716503858566e+01
1.618458230048418045e+01
1.604866502061486244e+01
1.592331350222229958e+01
1.584329883009195328e+01
1.577914249897003174e+01
1.561730787530541420e+01
1.552641488984227180e+01
1.537666133418679237e+01
1.548620593920350075e+01
1.524491599947214127e+01
1.510283549129962921e+01
1.505782184377312660e+01
1.496894213929772377e+01
1.490640795975923538e+01
1.478748320415616035e+01
1.475064207613468170e+01
1.467785990610718727e+01
1.464575865492224693e+01
1.448573777452111244e+01
1.443077010661363602e+01
1.445766532793641090e+01
1.432044030725955963e+01
1.426343172043561935e+01
1.409275782480835915e+01
1.399657315760850906e+01
1.398247538879513741e+01
1.404123834148049355e+01
1.385706048458814621e+01
1.381348054111003876e+01
1.376619959250092506e+01
1.382659963145852089e+01
1.375496774166822433e+01
1.378300126269459724e+01
1.358537049591541290e+01
1.357918145507574081e+01
1.358536534383893013e+01
1.353803687915205956e+01
1.358270089328289032e+01
1.341776391118764877e+01
1.335131853073835373e+01
1.337315862998366356e+01
1.329802348837256432e+01
1.341865374892950058e+01
1.317971795424818993e+01
1.314435673132538795e+01
1.319442459568381310e+01
1.309636612981557846e+01
1.299396059662103653e+01
1.306107935309410095e+01
1.297858674824237823e+01
1.296924211084842682e+01
1.292396263033151627e+01
1.285424127802252769e+01
1.289196508377790451e+01
1.288287464156746864e+01
1.291917929798364639e+01
1.279988160356879234e+01
1.268594547733664513e+01
1.278467077761888504e+01
