3.681425987161153490e-03
2.288680838678547151e-03
2.209497824978175554e-03
2.146526186185115665e-03
2.053376899393861456e-03
1.984466812414731243e-03
1.924791833063564011e-03
1.880030222013144830e-03
1.842615963441973691e-03
1.813780744332986819e-03
1.789182966541431798e-03
1.759376370397184274e-03
1.716620488491708103e-03
1.675941187418056571e-03
1.643351252945407601e-03
1.600323095370230876e-03
1.558598231476947434e-03
1.523581949985258191e-03
1.486143949594032629e-03
1.455013619197076001e-03
1.409433495922732000e-03
1.378080427009579882e-03
1.344831055434608617e-03
1.319552168160497774e-03
1.291456983817284654e-03
1.274220813152864874e-03
1.253896806346788823e-03
1.245088940492533125e-03
1.226620986788927361e-03
1.222186298691278847e-03
1.215812659454727947e-03
1.196740469139420194e-03
1.189821395144593239e-03
1.163485214243591311e-03
1.156544927744046752e-03
1.146738198333847186e-03
1.126320720336082114e-03
1.122038837325676575e-03
1.108564979924945475e-03
1.096532420667713226e-03
1.092375228125490099e-03
1.081134422210031998e-03
1.072055111597519129e-03
1.063681596674836407e-03
1.058336595196523360e-03
1.054050935134938621e-03
1.043240339031757712e-03
1.037168663316117082e-03
1.027165085784020968e-03
1.034482694669572496e-03
1.018364462222588014e-03
1.008873446312600567e-03
1.005866522630135358e-03
9.999293346224264346e-04
9.957520347200557453e-04
9.878078292689484834e-04
9.853468320731250361e-04
9.804849636678148166e-04
9.783405915111721435e-04
9.676511539426260440e-04
9.639792990389870484e-04
9.657759070097803131e-04
9.566092389618944094e-04
9.528010501292998816e-04
9.413999882971515716e-04
9.349748268275557325e-04
9.340330921038835681e-04
9.379584730447891247e-04
9.256553429918601200e-04
9.227441911229151018e-04
9.195858111223062558e-04
9.236205498636286928e-04
9.188355204855192752e-04
9.207081671806678635e-04
9.075063791526661672e-04
9.070929495708577846e-04
9.075060349925805374e-04
9.043444809052811600e-04
9.073280489834930403e-04
8.963102145081929895e-04
8.918716453399033956e-04
8.933305698051879646e-04
8.883115222693764275e-04
8.963696559071142626e-04
8.804086809785030294e-04
8.780465418387033020e-04
8.813910885560329814e-04
8.748407568347079614e-04
8.680000398544446792e-04
8.724835907210488602e-04
8.669730626748416028e-04
8.663488384000285134e-04
8.633241570027732530e-04
8.586667520389130309e-04
8.611867123432133918e-04
8.605794683745804276e-04
8.630046291238241147e-04
8.550355112604403167e-04
8.474245475842782102e-04
8.540194240226376635e-04
