5.925422270596027374e+01
4.886050584912300110e+01
4.858993372321128845e+01
4.833634677529335022e+01
4.805964797735214233e+01
4.780282907187938690e+01
4.759996128082275391e+01
4.736047859489917755e+01
4.711200411617755890e+01
4.687396948039531708e+01
4.663478904962539673e+01
4.634275946021080017e+01
4.612597206234931946e+01
4.588440749049186707e+01
4.569292536377906799e+01
4.546298930048942566e+01
4.527891756594181061e+01
4.499796934425830841e+01
4.480749243497848511e+01
4.457865986227989197e+01
4.442426951229572296e+01
4.421455049514770508e+01
4.399244958162307739e+01
4.385180088877677917e+01
4.371383932232856750e+01
4.346555103361606598e+01
4.320257575809955597e+01
4.315890243649482727e+01
4.292962285876274109e+01
4.272019837796688080e+01
4.261529496312141418e+01
4.241922372579574585e+01
4.220825153589248657e+01
4.212156803905963898e+01
4.191221375763416290e+01
4.172762034833431244e+01
4.157284535467624664e+01
4.153548246622085571e+01
4.129529400169849396e+01
4.104812984168529510e+01
4.108530682325363159e+01
4.101570743322372437e+01
4.066313311457633972e+01
4.041669780015945435e+01
4.038670712709426880e+01
4.010746195912361145e+01
4.006484924256801605e+01
3.986198231577873230e+01
3.979721836745738983e+01
3.971248851716518402e+01
3.957228845357894897e+01
3.918326759338378906e+01
3.903587280213832855e+01
3.913039992749691010e+01
3.892087545990943909e+01
3.875859531760215759e+01
3.847589904069900513e+01
3.846964217722415924e+01
3.822321480512619019e+01
3.824429069459438324e+01
3.807655784487724304e+01
3.791308552026748657e+01
3.780753427743911743e+01
3.766186727583408356e+01
3.747612018883228302e+01
3.738959100842475891e+01
3.743545076251029968e+01
3.710765813291072845e+01
3.714593081176280975e+01
3.697906541824340820e+01
3.689849735796451569e+01
3.665622639656066895e+01
3.652351653575897217e+01
3.645409122109413147e+01
3.632048557698726654e+01
3.625671876966953278e+01
3.611376428604125977e+01
3.587386080622673035e+01
3.584010528028011322e+01
3.572792063653469086e+01
3.562461985647678375e+01
3.558171586692333221e+01
3.536193782091140747e+01
3.526028563082218170e+01
3.503543093800544739e+01
3.500575098395347595e+01
3.488813251256942749e+01
3.478368467092514038e+01
3.472032724320888519e+01
3.455634967982769012e+01
3.447253383696079254e+01
3.448657551407814026e+01
3.435592034459114075e+01
3.414736862480640411e+01
3.406199641525745392e+01
3.401344712078571320e+01
3.380270116031169891e+01
3.373838706314563751e+01
3.367461042106151581e+01
3.352099618315696716e+01
