4.408796332288710852e-03
3.635454304250223308e-03
3.615322449643697082e-03
3.596454373161707494e-03
3.575866664981558127e-03
3.556758115467216225e-03
3.541663785775502407e-03
3.523845133549045796e-03
3.505357449120353932e-03
3.487646538719889507e-03
3.469850375716175203e-03
3.448121983646636971e-03
3.431991968924800757e-03
3.414018414471121053e-03
3.399771232424037698e-03
3.382662894381653629e-03
3.368967080799241919e-03
3.348063195257314738e-03
3.333890806173994258e-03
3.316864573086301601e-03
3.305377195855336691e-03
3.289773102317537432e-03
3.273247736727907375e-03
3.262782804224462728e-03
3.252517806720875773e-03
3.234043975715481314e-03
3.214477362953836129e-03
3.211227859858245895e-03
3.194168367467466012e-03
3.178586188836821352e-03
3.170780875232248001e-03
3.156192241502659823e-03
3.140494905944381330e-03
3.134045241001461209e-03
3.118468285538256342e-03
3.104733656870112702e-03
3.093217660318173072e-03
3.090437683498575578e-03
3.072566517983519024e-03
3.054176327506346288e-03
3.056942471968276086e-03
3.051763945924384266e-03
3.025530737691691820e-03
3.007194776797578444e-03
3.004963327908799758e-03
2.984186157672887550e-03
2.981015568643453559e-03
2.965921303257346153e-03
2.961102557102484548e-03
2.954798252765266850e-03
2.944366700415100395e-03
2.915421695936293908e-03
2.904454821587673218e-03
2.911488089843520047e-03
2.895898471719452177e-03
2.883824056369208022e-03
2.862790107194866304e-03
2.862324566757749964e-03
2.843989196809984434e-03
2.845557343347796236e-03
2.833077220600985213e-03
2.820914101210378507e-03
2.813060586118981948e-03
2.802222267547178902e-03
2.788401799764306677e-03
2.781963616698270719e-03
2.785375800782016308e-03
2.760986468222524550e-03
2.763834137779970761e-03
2.751418557905015421e-03
2.745423910562835943e-03
2.727397797363145023e-03
2.717523551767780671e-03
2.712357977759980061e-03
2.702417081621076578e-03
2.697672527505173574e-03
2.687036033187593584e-03
2.669186071891869669e-03
2.666674500020841960e-03
2.658327428313593185e-03
2.650641358368808174e-03
2.647449097241319233e-03
2.631096564055908187e-03
2.623533157055222068e-03
2.606802897173024318e-03
2.604594567258443349e-03
2.595843192899511057e-03
2.588071776110501335e-03
2.583357681786375287e-03
2.571156970225274476e-03
2.564920672392916132e-03
2.565965440035576032e-03
2.556244073258269293e-03
2.540726832202857503e-03
2.534374733278084348e-03
2.530762434582270112e-03
2.515081931570811117e-03
2.510296656484050249e-03
2.505551370614696009e-03
2.494121739818226831e-03
