7.089055231772363186e+00
4.161589708179235458e+00
3.981787728145718575e+00
3.864641495048999786e+00
3.720020706765353680e+00
3.525359996594488621e+00
3.277710452675819397e+00
3.174098036251962185e+00
3.041663949377834797e+00
2.914494567550718784e+00
2.867512271739542484e+00
2.775960973463952541e+00
2.712748921476304531e+00
2.653784249909222126e+00
2.653398150578141212e+00
2.619653931818902493e+00
2.605560695752501488e+00
2.528734278865158558e+00
2.402445451356470585e+00
2.363630614709109068e+00
2.262566120829433203e+00
2.148077751044183969e+00
2.104665036313235760e+00
2.058690224774181843e+00
1.934004615992307663e+00
1.968036997132003307e+00
1.825222377665340900e+00
1.752618964761495590e+00
1.638940970413386822e+00
1.530841713771224022e+00
1.493189935572445393e+00
1.496749977115541697e+00
1.451969891088083386e+00
1.467004608130082488e+00
1.398508965969085693e+00
1.268304110737517476e+00
1.307540979003533721e+00
1.285816247109323740e+00
1.328760880976915359e+00
1.269212263403460383e+00
1.175881549715995789e+00
1.112465025391429663e+00
1.244679613970220089e+00
1.266021174378693104e+00
1.383770930115133524e+00
1.323493693955242634e+00
1.335433055413886905e+00
1.310863050166517496e+00
1.269876827020198107e+00
1.229407366132363677e+00
1.156587334116920829e+00
1.141915830085054040e+00
1.075721998466178775e+00
1.097567448159679770e+00
1.114313816186040640e+00
1.077050182735547423e+00
1.138231311459094286e+00
1.083957630209624767e+00
1.061960744671523571e+00
1.092854400165379047e+00
1.078536926070228219e+00
1.062232047086581588e+00
1.075840119272470474e+00
9.866298683919012547e-01
9.028773583704605699e-01
8.850475645158439875e-01
9.964880866464227438e-01
1.045612572808749974e+00
1.076912604970857501e+00
9.214409566484391689e-01
9.667346030473709106e-01
1.026777317048981786e+00
9.634051872417330742e-01
9.396741498494520783e-01
9.568520983448252082e-01
1.021904376684688032e+00
9.503957729320973158e-01
9.990105337928980589e-01
9.094791726674884558e-01
9.170444083865731955e-01
9.319733198499307036e-01
1.044151012902148068e+00
9.368045398732647300e-01
9.936636321945115924e-01
9.235048652626574039e-01
9.092812407761812210e-01
8.840203537838533521e-01
9.604366368148475885e-01
1.061982824234291911e+00
1.081746948184445500e+00
9.967544847168028355e-01
8.752977160038426518e-01
9.431741316802799702e-01
9.024915562476962805e-01
9.388288879999890924e-01
9.145182397915050387e-01
9.019295182079076767e-01
8.807827878044918180e-01
9.012906661955639720e-01
9.687302089296281338e-01
