4.735507836855286259e-04
2.779953044875908591e-04
2.659844841780707172e-04
2.581590845056112144e-04
2.484983772054344679e-04
2.354949897524708370e-04
2.189519340464809191e-04
2.120305969440188616e-04
2.031839645542975810e-04
1.946890158684514967e-04
1.915505859545452681e-04
1.854349347671311048e-04
1.812123528040283547e-04
1.772734969879239948e-04
1.772477054494416254e-04
1.749935826198331526e-04
1.740521506848698348e-04
1.689201255086946395e-04
1.604839980866045769e-04
1.578911566271950020e-04
1.511400214314918551e-04
1.434921677384224368e-04
1.405921867944713143e-04
1.375210570991437320e-04
1.291920251163866239e-04
1.314653972700068920e-04
1.219253425294148887e-04
1.170754151477284904e-04
1.094816947503932466e-04
1.022606355224598530e-04
9.974548667818606098e-05
9.998329840451180195e-05
9.699197669259074326e-05
9.799629980828873817e-05
9.342077260982537023e-05
8.472305348948011995e-05
8.734408677378314176e-05
8.589286887837834135e-05
8.876158189558552164e-05
8.478371833022447688e-05
7.854920171783538393e-05
7.431296094799129425e-05
8.314493079293387397e-05
8.457055273070762397e-05
9.243626787676243253e-05
8.840973239513978817e-05
8.920728493078736697e-05
8.756600201513142399e-05
8.482811135739466799e-05
8.212474055660411924e-05
7.726034296038215539e-05
7.628028257081189095e-05
7.185851693160846907e-05
7.331779880826183604e-05
7.443646066707018108e-05
7.194723999569454913e-05
7.603415574209047259e-05
7.240865933264027177e-05
7.093926150110377706e-05
7.300296594291109660e-05
7.204655484771063103e-05
7.095738457492194824e-05
7.186640743303076043e-05
6.590713883713435271e-05
6.031244878894192346e-05
5.912141379531355768e-05
6.656567045066283936e-05
6.984719925242151197e-05
7.193804976425233135e-05
6.155250211412418735e-05
6.457812979608356675e-05
6.858899913486852357e-05
6.435572393064348891e-05
6.277048429188056158e-05
6.391797584133768596e-05
6.826348541647882945e-05
6.348669157863041739e-05
6.673417059404796359e-05
6.075345174799521870e-05
6.125881151546915112e-05
6.225606679024253448e-05
6.974956666013012736e-05
6.257879357870839887e-05
6.637699613857793153e-05
6.169037176103256263e-05
6.074022984476828367e-05
5.905279584394477810e-05
6.415742396892768970e-05
7.094073642179638190e-05
7.226098518266168994e-05
6.658346591294607777e-05
5.847012130954192785e-05
6.300428401337875538e-05
6.028667710405452514e-05
6.271402057448156777e-05
6.109006277832364966e-05
6.024913281281948376e-05
5.883652557144234134e-05
6.020645732769298072e-05
6.471143680224636168e-05
