6.526697888970375061e+01
4.863376538455486298e+01
4.779080429673194885e+01
4.698108807206153870e+01
4.629095523059368134e+01
4.564477509260177612e+01
4.514557103812694550e+01
4.472946733236312866e+01
4.429815094172954559e+01
4.387630727887153625e+01
4.338393190503120422e+01
4.291421318054199219e+01
4.246184910833835602e+01
4.193171884119510651e+01
4.136830723285675049e+01
4.099802847206592560e+01
4.065858273208141327e+01
4.027263444662094116e+01
3.975680926442146301e+01
3.936842794716358185e+01
3.895951788127422333e+01
3.855905961990356445e+01
3.835997836291790009e+01
3.787685783207416534e+01
3.757290856540203094e+01
3.733010859787464142e+01
3.680310125648975372e+01
3.644804380834102631e+01
3.613424558937549591e+01
3.582218381762504578e+01
3.531700807809829712e+01
3.513222214579582214e+01
3.457204560935497284e+01
3.428874658048152924e+01
3.394004020094871521e+01
3.361663331091403961e+01
3.341824527084827423e+01
3.317235882580280304e+01
3.284303201735019684e+01
3.245876848697662354e+01
3.244178208708763123e+01
3.221207112073898315e+01
3.184764835238456726e+01
3.161794097721576691e+01
3.137547810375690460e+01
3.111403954029083252e+01
3.092508643865585327e+01
3.073399491608142853e+01
3.049928309023380280e+01
3.034294252097606659e+01
3.017704461514949799e+01
2.998295916616916656e+01
2.979583617299795151e+01
2.981779431551694870e+01
2.950980991125106812e+01
2.920822378993034363e+01
2.918406268954277039e+01
2.926472368091344833e+01
2.892352909594774246e+01
2.876491140574216843e+01
2.866852501034736633e+01
2.861373049020767212e+01
2.876622890681028366e+01
2.865808247029781342e+01
2.863667789846658707e+01
2.844130147248506546e+01
2.859418869763612747e+01
2.855196101218461990e+01
2.867283139377832413e+01
2.865959123522043228e+01
2.866823863983154297e+01
2.877019511908292770e+01
2.893509086221456528e+01
2.899547825008630753e+01
2.928248492628335953e+01
2.941589241474866867e+01
2.948240718990564346e+01
2.960299139469861984e+01
2.994463174790143967e+01
2.976598843932151794e+01
2.985238725692033768e+01
2.966966314613819122e+01
2.954735564440488815e+01
2.956314170360565186e+01
2.935278192907571793e+01
2.952063962817192078e+01
2.921353317797183990e+01
2.939665748178958893e+01
2.919845026731491089e+01
2.903870346397161484e+01
2.904302345216274261e+01
2.883014536648988724e+01
2.865159776061773300e+01
2.862748441100120544e+01
2.860536667704582214e+01
2.856989393383264542e+01
2.847346667200326920e+01
2.833827151358127594e+01
2.811752958595752716e+01
2.828960528224706650e+01
