4.856174024531529146e-03
3.618583733969855682e-03
3.555863414935412671e-03
3.495616672028388234e-03
3.444267502276315580e-03
3.396188622961441618e-03
3.359045464146350000e-03
3.328085366991304257e-03
3.295993373640591223e-03
3.264606196344608299e-03
3.227971123886250269e-03
3.193021814028422240e-03
3.159363772941842143e-03
3.119919556636540758e-03
3.077999050063746217e-03
3.050448547028714735e-03
3.025192167565581534e-03
2.996475777278343865e-03
2.958095927412311438e-03
2.929198507973480598e-03
2.898773651880522540e-03
2.868977650290443875e-03
2.854165056764724519e-03
2.818218588695994235e-03
2.795603315878127278e-03
2.777537842103767855e-03
2.738325986345963893e-03
2.711908021453945244e-03
2.688559939685676581e-03
2.665341057859006539e-03
2.627753577239456788e-03
2.614004623943141578e-03
2.572324822124626154e-03
2.551246025333447215e-03
2.525300610189636519e-03
2.501237597538247086e-03
2.486476582652401204e-03
2.468181460253184804e-03
2.443677977481413521e-03
2.415086940995284613e-03
2.413823071955924996e-03
2.396731482197841153e-03
2.369616692885756319e-03
2.352525370328554122e-03
2.334484977958102905e-03
2.315032703890686910e-03
2.300973693352369870e-03
2.286755574113201548e-03
2.269291896594776824e-03
2.257659413763100139e-03
2.245315819579575545e-03
2.230874937959015456e-03
2.216952096205204725e-03
2.218585886571201350e-03
2.195670380301418655e-03
2.173230936750769789e-03
2.171433235829074975e-03
2.177434797687012591e-03
2.152048295829445297e-03
2.140246384355816000e-03
2.133074777555607569e-03
2.128997804330927911e-03
2.140344412709098421e-03
2.132297802849539899e-03
2.130705200778763939e-03
2.116168264321805631e-03
2.127543801907450134e-03
2.124401861025641564e-03
2.133395192989458785e-03
2.132410062144377266e-03
2.133053470225561386e-03
2.140639517788908274e-03
2.152908546295726790e-03
2.157401655512374179e-03
2.178756318919892673e-03
2.188682471335466270e-03
2.193631487344169934e-03
2.202603526391266539e-03
2.228023195528380795e-03
2.214731282687613066e-03
2.221159766139906185e-03
2.207564222182900951e-03
2.198463961637268406e-03
2.199638519613515697e-03
2.183986750675276454e-03
2.196476162810410710e-03
2.173625980503857136e-03
2.187251300728392141e-03
2.172503740127597338e-03
2.160617817259792919e-03
2.160939244952584867e-03
2.145100101673354676e-03
2.131815309569771739e-03
2.130021161532827650e-03
2.128375496804004677e-03
2.125736155791119620e-03
2.118561508333576763e-03
2.108502344760511751e-03
2.092078094193268456e-03
2.104881345405287558e-03
