6.689980961382389069e+01
4.851050589978694916e+01
4.738135956227779388e+01
4.656508909165859222e+01
4.597977299988269806e+01
4.546852430701255798e+01
4.489968688786029816e+01
4.408197814226150513e+01
4.334500128030776978e+01
4.274193473160266876e+01
4.207221603393554688e+01
4.138762742280960083e+01
4.071718668937683105e+01
4.012960718572139740e+01
3.943516354262828827e+01
3.904948633909225464e+01
3.834238092601299286e+01
3.788557997345924377e+01
3.734248688817024231e+01
3.683983707427978516e+01
3.641075244545936584e+01
3.608676128089427948e+01
3.559032985568046570e+01
3.521040262281894684e+01
3.480700625479221344e+01
3.434994666278362274e+01
3.398886610567569733e+01
3.362817279994487762e+01
3.349079480767250061e+01
3.299204917252063751e+01
3.276484544575214386e+01
3.237265571951866150e+01
3.207739649713039398e+01
3.188426873087882996e+01
3.157819665968418121e+01
3.129539151489734650e+01
3.109566853940486908e+01
3.079305586218833923e+01
3.050715141743421555e+01
3.038254933059215546e+01
3.016636317968368530e+01
2.992887516319751740e+01
2.956934893876314163e+01
2.949265728145837784e+01
2.934084796160459518e+01
2.913666394352912903e+01
2.895604196935892105e+01
2.882878823578357697e+01
2.870364508777856827e+01
2.854035201668739319e+01
2.845262976735830307e+01
2.837201964855194092e+01
2.825212060660123825e+01
2.817281600087881088e+01
2.819838619232177734e+01
2.796915742754936218e+01
2.786100246757268906e+01
2.778546544909477234e+01
2.774027348309755325e+01
2.778826526552438736e+01
2.778731517493724823e+01
2.776945372670888901e+01
2.769537913799285889e+01
2.784796733409166336e+01
2.781422732025384903e+01
2.790849081426858902e+01
2.797020295262336731e+01
2.820488013327121735e+01
2.825981312245130539e+01
2.835717027634382248e+01
2.847287609428167343e+01
2.878658325970172882e+01
2.894962035864591599e+01
2.908330178260803223e+01
2.937274836003780365e+01
2.937262743711471558e+01
2.957873041927814484e+01
2.981411299109458923e+01
3.008679427206516266e+01
3.021699063479900360e+01
3.011970792710781097e+01
3.019571335613727570e+01
3.005704452097415924e+01
2.997710262238979340e+01
2.984883744269609451e+01
2.981279730796813965e+01
2.988774403929710388e+01
2.983316184580326080e+01
2.976592903584241867e+01
2.969184704869985580e+01
2.967400480806827545e+01
2.959790340811014175e+01
2.965473599731922150e+01
2.953721278160810471e+01
2.946485253423452377e+01
2.946244882792234421e+01
2.937181487679481506e+01
2.940815580636262894e+01
2.929710117727518082e+01
2.937467483431100845e+01
