4.977664405790467768e-03
3.609412641353195589e-03
3.525398776955192791e-03
3.464664366938883470e-03
3.421114062491271979e-03
3.383074725224148767e-03
3.340750512489605410e-03
3.279909087965886001e-03
3.225074500022899471e-03
3.180203477053770121e-03
3.130373216810680616e-03
3.079436564197143063e-03
3.029552581054823640e-03
2.985833867985222996e-03
2.934163954064604712e-03
2.905467733563411956e-03
2.852855723661680987e-03
2.818867557549050839e-03
2.778458845846000155e-03
2.741059306122007634e-03
2.709133366477631515e-03
2.685026881018919790e-03
2.648090019023844211e-03
2.619821623721647723e-03
2.589807013005373214e-03
2.555799602885686344e-03
2.528933490005632126e-03
2.502096190472089150e-03
2.491874613666108639e-03
2.454765563431595028e-03
2.437860524237510634e-03
2.408679741035614757e-03
2.386711048893630591e-03
2.372341423428484582e-03
2.349568203845549177e-03
2.328526154382243134e-03
2.313665813943814598e-03
2.291149989746156263e-03
2.269877337606712557e-03
2.260606349002392598e-03
2.244521069916940916e-03
2.226850830595053510e-03
2.200100367467495641e-03
2.194394142965653324e-03
2.183098806667008434e-03
2.167906543417346104e-03
2.154467408434443572e-03
2.144999124686278093e-03
2.135687878554953009e-03
2.123538096479716912e-03
2.117011143404635629e-03
2.111013366707733749e-03
2.102092307038782703e-03
2.096191666732054402e-03
2.098094210738227650e-03
2.081038499073613064e-03
2.072991255027729993e-03
2.067370941152885024e-03
2.064008443682853466e-03
2.067579260827707467e-03
2.067508569563783309e-03
2.066179592761078088e-03
2.060668090624468742e-03
2.072021379024677375e-03
2.069510961328411506e-03
2.076524614156889138e-03
2.081116291117810022e-03
2.098577390868393983e-03
2.102664666849055324e-03
2.109908502704153661e-03
2.118517566538814876e-03
2.141858873489711941e-03
2.153989610018297411e-03
2.163936144539288075e-03
2.185472348217098321e-03
2.185463350975797372e-03
2.200798394291528584e-03
2.218311978504061786e-03
2.238600764290562574e-03
2.248287993660640170e-03
2.241049696957426399e-03
2.246704862807832968e-03
2.236387241143910666e-03
2.230439183213526241e-03
2.220895643057745148e-03
2.218214085414295898e-03
2.223790479114367766e-03
2.219729304003219012e-03
2.214726862785894139e-03
2.209214810171120438e-03
2.207887262505080130e-03
2.202224955960575912e-03
2.206453571229108866e-03
2.197709284345841091e-03
2.192325337368640145e-03
2.192146490172793265e-03
2.185402892618661629e-03
2.188106830830552785e-03
2.179843837594879624e-03
2.185615687076712058e-03
