1.525718196108937263e+01
8.579249512404203415e+00
8.201798370108008385e+00
7.374286606907844543e+00
6.959992837160825729e+00
6.665345668792724609e+00
6.516072174534201622e+00
6.302454635500907898e+00
6.132438234984874725e+00
5.914114562794566154e+00
5.759033801034092903e+00
5.619554726406931877e+00
5.404603149741888046e+00
5.294259143993258476e+00
5.159034535288810730e+00
5.081837600097060204e+00
4.880556140094995499e+00
4.728619107976555824e+00
4.499889225699007511e+00
4.324907187372446060e+00
4.063040314242243767e+00
3.902922275476157665e+00
3.770613698288798332e+00
3.545609624125063419e+00
3.449965569190680981e+00
3.281807414256036282e+00
3.179733335971832275e+00
3.119459935463964939e+00
3.055522236973047256e+00
3.041177909821271896e+00
2.807178319431841373e+00
2.821370055899024010e+00
2.731126518920063972e+00
2.703384137712419033e+00
2.559144607745110989e+00
2.481228382326662540e+00
2.540930071379989386e+00
2.355160584673285484e+00
2.375305634923279285e+00
2.303689670283347368e+00
2.282748485449701548e+00
2.217503711115568876e+00
2.149735540617257357e+00
2.123475520405918360e+00
2.074183594435453415e+00
2.043136462569236755e+00
2.006169612053781748e+00
1.928253626916557550e+00
1.837863519787788391e+00
1.802820567507296801e+00
1.832970573101192713e+00
1.841283356770873070e+00
1.779522159602493048e+00
1.713902635499835014e+00
1.742850720416754484e+00
1.716284769587218761e+00
1.661780958063900471e+00
1.611173815559595823e+00
1.666036735288798809e+00
1.644285609945654869e+00
1.599589872639626265e+00
1.615314401919022202e+00
1.479573553893715143e+00
1.525412330869585276e+00
1.558176780352368951e+00
1.532338992925360799e+00
1.420751467579975724e+00
1.485299714840948582e+00
1.434993973700329661e+00
1.468238371424376965e+00
1.386631849454715848e+00
1.415108428569510579e+00
1.452768157469108701e+00
1.367049918044358492e+00
1.383515211753547192e+00
1.468140968820080161e+00
1.424019389320164919e+00
1.334972134558483958e+00
1.340029457584023476e+00
1.338816047413274646e+00
1.380386139499023557e+00
1.315016991691663861e+00
1.432802445488050580e+00
1.365266481647267938e+00
1.408200518926605582e+00
1.295439312933012843e+00
1.311931037576869130e+00
1.243425349472090602e+00
1.257887200219556689e+00
1.395820588571950793e+00
1.316989841405302286e+00
1.355118500301614404e+00
1.303100669989362359e+00
1.375325935892760754e+00
1.156729520298540592e+00
1.226447205990552902e+00
1.216556314844638109e+00
1.239537903806194663e+00
1.301137875532731414e+00
1.196287941420450807e+00
