1.019183831736096991e-03
5.730961598132400508e-04
5.478823226525055944e-04
4.926043157587070521e-04
4.649293812398681185e-04
4.452468716628406472e-04
4.352753623603341170e-04
4.210056536740753295e-04
4.096485126910403706e-04
3.950644330524092371e-04
3.847049967290643371e-04
3.753877572750121501e-04
3.610289345184961702e-04
3.536579254504514666e-04
3.446248854568343995e-04
3.394681095589218811e-04
3.260224542481627154e-04
3.158730199049135357e-04
3.005938026519042921e-04
2.889049557363023660e-04
2.714121786400964316e-04
2.607162508668108068e-04
2.518780025577019646e-04
2.368476702822353594e-04
2.304586218564249234e-04
2.192256121747519196e-04
2.124070364710642746e-04
2.083807572120217162e-04
2.041097018686070233e-04
2.031514969820488780e-04
1.875202618190942847e-04
1.884682736071492378e-04
1.824399812237851724e-04
1.805867827463205819e-04
1.709515436035478333e-04
1.657467189262967582e-04
1.697348077074141339e-04
1.573253563576008875e-04
1.586710510970794341e-04
1.538870855232696852e-04
1.524882087808751780e-04
1.481298404218816818e-04
1.436029085248668818e-04
1.418487321580439917e-04
1.385560183323616089e-04
1.364820616278715330e-04
1.340126661358571718e-04
1.288078575094560904e-04
1.227697742009210672e-04
1.204288956250699230e-04
1.224429240548558851e-04
1.229982202251752308e-04
1.188725557516695475e-04
1.144891540080050058e-04
1.164228938154144547e-04
1.146482812015510216e-04
1.110074120283166603e-04
1.076268413867465461e-04
1.112916990840880923e-04
1.098387180992421394e-04
1.068530309044506582e-04
1.079034336619253261e-04
9.883590874373514008e-05
1.018979512938934752e-04
1.040866252740393384e-04
1.023606541700307831e-04
9.490657766065302447e-05
9.921841782504666732e-05
9.585798087510551786e-05
9.807871552601049028e-05
9.262737805308722755e-05
9.452962114692789475e-05
9.704530110014086331e-05
9.131929980256235776e-05
9.241918582188024631e-05
9.807220900601737348e-05
9.512487570608984242e-05
8.917649529448790622e-05
8.951432582391606239e-05
8.943326970028555125e-05
9.221016295918660409e-05
8.784348641894882662e-05
9.571158620494659634e-05
9.120016577470060155e-05
9.406817093698099507e-05
8.653569224669424998e-05
8.763734385951029782e-05
8.306114558931800929e-05
8.402720108347071627e-05
9.324118828135944043e-05
8.797527330696741394e-05
9.052227790925947333e-05
8.704747294518118210e-05
9.187214000619644606e-05
7.726984103530664619e-05
8.192700106817320911e-05
8.126628689676940718e-05
8.280146318010652860e-05
8.691635775101746910e-05
7.991235413630265634e-05
