6.673763220012187958e+01
4.860295245051383972e+01
4.733948393166065216e+01
4.661488579213619232e+01
4.593205250799655914e+01
4.537446510791778564e+01
4.461890089511871338e+01
4.380880966782569885e+01
4.306488971412181854e+01
4.258361533284187317e+01
4.199776354432106018e+01
4.135018695890903473e+01
4.059546628594398499e+01
4.005814975500106812e+01
3.949009673297405243e+01
3.890765458345413208e+01
3.831167645752429962e+01
3.795914050936698914e+01
3.737110681831836700e+01
3.713057939708232880e+01
3.651320476830005646e+01
3.614134857058525085e+01
3.572780171036720276e+01
3.530264160037040710e+01
3.488487850129604340e+01
3.454426303505897522e+01
3.406195615231990814e+01
3.391393503546714783e+01
3.350258676707744598e+01
3.309716959297657013e+01
3.288079494237899780e+01
3.255771361291408539e+01
3.224525848031044006e+01
3.197812555730342865e+01
3.155720944702625275e+01
3.136136856675148010e+01
3.100374884903430939e+01
3.081180604547262192e+01
3.046741250157356262e+01
3.025080662965774536e+01
3.005634148418903351e+01
2.984781904518604279e+01
2.972778513282537460e+01
2.947626899182796478e+01
2.921374884247779846e+01
2.906753218173980713e+01
2.880519923567771912e+01
2.873979065567255020e+01
2.858441086113452911e+01
2.845900726318359375e+01
2.831150276958942413e+01
2.831460378319025040e+01
2.811436482518911362e+01
2.805190876126289368e+01
2.787470152974128723e+01
2.786118160188198090e+01
2.783642777055501938e+01
2.769248243421316147e+01
2.756590674072504044e+01
2.758726189285516739e+01
2.762169767916202545e+01
2.758545069396495819e+01
2.765644315630197525e+01
2.753099686652421951e+01
2.773722442984580994e+01
2.764446721971035004e+01
2.782890893518924713e+01
2.786413520574569702e+01
2.803088431805372238e+01
2.818536861240863800e+01
2.838711301982402802e+01
2.851590741425752640e+01
2.869323123246431351e+01
2.892245449870824814e+01
2.896203226596117020e+01
2.920324724167585373e+01
2.941616535186767578e+01
2.970065630227327347e+01
2.986579570919275284e+01
2.998646020889282227e+01
2.999127581715583801e+01
2.983977743983268738e+01
2.976746810227632523e+01
2.963995750993490219e+01
2.962832076102495193e+01
2.965279337763786316e+01
2.951304103434085846e+01
2.956766188144683838e+01
2.947094243764877319e+01
2.938773926347494125e+01
2.940483749657869339e+01
2.929608679562807083e+01
2.919211104512214661e+01
2.919864210486412048e+01
2.921464575827121735e+01
2.912628242373466492e+01
2.907497341930866241e+01
2.911423161625862122e+01
2.893285154551267624e+01
2.900964038819074631e+01
2.900443204492330551e+01
2.879208520799875259e+01
2.888635118305683136e+01
2.877290759980678558e+01
2.879874272644519806e+01
2.870028068125247955e+01
2.874352690577507019e+01
2.857733199745416641e+01
2.857686505466699600e+01
2.869230146706104279e+01
2.856645787507295609e+01
2.843556403368711472e+01
2.844732981175184250e+01
2.845239102095365524e+01
2.845665267854928970e+01
2.851373505592346191e+01
2.841081970185041428e+01
2.821449340879917145e+01
2.833205004036426544e+01
2.825929754227399826e+01
2.830898717790842056e+01
2.824908173084259033e+01
2.816667415946722031e+01
2.817367234826087952e+01
2.817228561639785767e+01
2.802461797744035721e+01
2.808840189129114151e+01
2.811893942952156067e+01
2.802101042866706848e+01
2.793678110092878342e+01
2.789816896617412567e+01
2.796274374425411224e+01
2.781083628535270691e+01
2.794565204530954361e+01
2.792003006488084793e+01
2.785720275342464447e+01
2.785847833752632141e+01
2.785517214238643646e+01
2.776162069290876389e+01
2.761383754014968872e+01
2.762560225278139114e+01
2.763835456222295761e+01
2.765263120830059052e+01
2.769735524803400040e+01
2.753740821778774261e+01
2.752883439511060715e+01
2.744992209970951080e+01
2.743590665608644485e+01
2.761877453327178955e+01
2.742708829790353775e+01
2.746487250179052353e+01
2.755842205882072449e+01
2.735185067355632782e+01
2.719619488716125488e+01
2.737905716896057129e+01
2.721449888497591019e+01
2.729244723170995712e+01
2.724357160180807114e+01
2.736623793095350266e+01
2.721167415380477905e+01
2.711765035986900330e+01
2.713294155895709991e+01
2.714322763681411743e+01
2.715752992033958435e+01
2.709248445183038712e+01
2.711659686267375946e+01
2.707678502798080444e+01
2.696527478098869324e+01
2.705758789926767349e+01
2.695980677008628845e+01
2.696147339046001434e+01
2.688722557574510574e+01
2.707939454913139343e+01
2.692100828886032104e+01
2.692224579304456711e+01
2.687650243192911148e+01
2.681566869467496872e+01
2.677581380307674408e+01
2.681703799962997437e+01
2.674598719924688339e+01
2.674104082584381104e+01
2.672954341769218445e+01
2.663772840052843094e+01
2.673201319575309753e+01
2.673447286337614059e+01
2.666171431541442871e+01
2.669351012259721756e+01
2.663193921744823456e+01
2.659674058854579926e+01
2.650841992348432541e+01
2.656417095661163330e+01
2.650408586859703064e+01
2.658032751828432083e+01
2.653314744681119919e+01
2.637616049498319626e+01
2.659515186399221420e+01
2.648528106510639191e+01
2.640386565774679184e+01
2.636953270435333252e+01
2.641839511692523956e+01
2.637225519865751266e+01
2.634663069993257523e+01
2.635631977766752243e+01
2.637016849964857101e+01
2.637066177278757095e+01
2.635681940615177155e+01
2.634759022295475006e+01
2.614561130851507187e+01
2.626393952220678329e+01
2.629985090345144272e+01
2.633786376565694809e+01
2.619127590209245682e+01
2.622682644426822662e+01
2.617396404594182968e+01
2.613101005554199219e+01
2.631480518728494644e+01
2.620067014545202255e+01
2.617839178442955017e+01
2.614369057118892670e+01
2.606537953764200211e+01
2.612436883151531219e+01
2.603581000864505768e+01
2.610995603352785110e+01
2.611653554439544678e+01
2.601941253989934921e+01
2.610998001694679260e+01
2.595569200813770294e+01
2.593830855190753937e+01
2.597517850995063782e+01
2.604939401149749756e+01
2.582165683060884476e+01
2.587636639922857285e+01
2.593884873390197754e+01
2.583704189211130142e+01
2.585076520591974258e+01
2.585878261178731918e+01
2.576879345625638962e+01
2.589588252454996109e+01
2.576825559139251709e+01
2.582811067253351212e+01
2.572520233690738678e+01
2.580834490060806274e+01
2.588599320501089096e+01
2.574020837992429733e+01
2.577977721393108368e+01
2.568139392882585526e+01
2.575484624505043030e+01
2.579498921334743500e+01
2.562546516954898834e+01
2.569810430705547333e+01
2.557022544741630554e+01
2.575163450837135315e+01
2.554654168337583542e+01
2.551986917853355408e+01
2.558883498609066010e+01
2.568686968833208084e+01
2.548376625776290894e+01
2.560006809234619141e+01
2.554613383114337921e+01
2.566173396259546280e+01
2.558647823333740234e+01
2.563076335191726685e+01
2.558649130165576935e+01
2.547261513024568558e+01
2.548592887073755264e+01
2.545100366324186325e+01
2.548843318969011307e+01
2.544086273759603500e+01
2.535449408739805222e+01
2.530995986610651016e+01
2.550114087760448456e+01
2.538101882487535477e+01
2.537034559994935989e+01
2.546539472043514252e+01
2.532770298421382904e+01
2.540797623246908188e+01
2.531455621868371964e+01
2.519988381862640381e+01
2.540543937683105469e+01
2.522267627716064453e+01
2.520653252303600311e+01
2.521041051298379898e+01
2.520121838152408600e+01
2.535930699855089188e+01
2.515331276506185532e+01
2.523149819672107697e+01
2.520072995871305466e+01
2.512490943819284439e+01
2.525426948815584183e+01
2.517116541415452957e+01
2.522032531350851059e+01
2.523466112464666367e+01
2.519367697834968567e+01
2.500827322155237198e+01
2.505897216498851776e+01
2.502686903625726700e+01
2.516757466644048691e+01
2.500917740911245346e+01
2.505355627834796906e+01
2.504421517997980118e+01
2.491127149760723114e+01
2.497423719614744186e+01
2.492142567783594131e+01
2.500098774582147598e+01
2.507578548789024353e+01
2.506054081022739410e+01
2.508648058772087097e+01
2.502488724887371063e+01
2.494189080595970154e+01
2.500010309368371964e+01
2.498417337238788605e+01
2.489039111137390137e+01
2.489639810472726822e+01
2.487019774317741394e+01
2.496522535383701324e+01
2.482921209931373596e+01
2.485131085664033890e+01
2.490823458880186081e+01
2.489827965199947357e+01
2.490192274004220963e+01
2.477617174386978149e+01
2.475442410260438919e+01
2.483549980074167252e+01
2.483756291121244431e+01
2.478178576380014420e+01
2.486377859860658646e+01
2.477156808227300644e+01
2.468479757010936737e+01
2.475246043503284454e+01
2.475916703790426254e+01
2.467423378676176071e+01
2.467875518649816513e+01
2.469428741186857224e+01
2.471128886938095093e+01
2.468309001624584198e+01
2.464705174416303635e+01
2.470768873393535614e+01
2.460829560458660126e+01
2.460782527923583984e+01
2.466730172932147980e+01
2.466354318708181381e+01
2.464850418269634247e+01
2.457644371688365936e+01
2.473115757852792740e+01
2.472794200479984283e+01
2.464243431389331818e+01
2.464366865158081055e+01
2.457066926360130310e+01
2.465165124833583832e+01
2.459867741167545319e+01
2.456228552758693695e+01
2.453738284856081009e+01
2.460561140626668930e+01
2.440531458705663681e+01
2.451463726162910461e+01
2.439464756101369858e+01
2.445726788789033890e+01
2.437380795925855637e+01
2.453125499933958054e+01
2.451425518095493317e+01
2.446859505772590637e+01
2.441434768587350845e+01
2.441874246299266815e+01
2.443936769664287567e+01
2.451771534979343414e+01
2.440201196819543839e+01
2.445145977288484573e+01
2.440657658129930496e+01
2.436371647566556931e+01
2.440860118716955185e+01
2.442371264100074768e+01
2.440897374600172043e+01
2.427913994342088699e+01
2.433032819628715515e+01
2.435992246866226196e+01
2.424115426838397980e+01
2.428429888188838959e+01
2.445364104211330414e+01
2.445241255313158035e+01
2.430710866302251816e+01
2.431637314707040787e+01
2.419981920719146729e+01
2.426233547180891037e+01
2.431695849448442459e+01
2.431719881296157837e+01
2.416279930621385574e+01
2.422635206580162048e+01
2.431026368588209152e+01
2.440417736768722534e+01
2.421003717184066772e+01
2.418000027537345886e+01
2.420255142450332642e+01
2.431763850897550583e+01
2.412343478202819824e+01
2.423985773324966431e+01
2.417244420200586319e+01
2.421803846955299377e+01
2.410338825732469559e+01
2.410955008864402771e+01
2.420980998128652573e+01
2.414974766969680786e+01
2.421210289746522903e+01
2.417315188050270081e+01
2.411789508163928986e+01
2.412173294275999069e+01
2.413932166993618011e+01
2.407418036460876465e+01
2.389122632890939713e+01
2.399898803234100342e+01
2.409196823090314865e+01
2.413402203470468521e+01
2.409510624408721924e+01
2.413709245622158051e+01
2.406258480250835419e+01
2.401834891736507416e+01
2.398551948368549347e+01
2.403028204292058945e+01
2.401363426446914673e+01
2.400260637700557709e+01
2.401556199043989182e+01
2.405107457190752029e+01
2.398813275247812271e+01
2.388904675841331482e+01
2.400926506519317627e+01
2.393227276206016541e+01
2.396356304734945297e+01
2.390848337858915329e+01
2.395136614143848419e+01
2.388964682817459106e+01
2.388869087398052216e+01
2.387759426236152649e+01
2.390294162929058075e+01
2.400029291957616806e+01
2.384074896574020386e+01
2.385499976575374603e+01
2.383531826734542847e+01
2.384827265888452530e+01
2.403273198753595352e+01
2.389080814272165298e+01
2.387555382400751114e+01
2.379969684779644012e+01
2.391109024733304977e+01
2.380701411515474319e+01
2.376531942933797836e+01
2.375881800055503845e+01
2.374244219064712524e+01
2.375635125488042831e+01
2.378630080074071884e+01
2.393000508844852448e+01
2.371280298382043839e+01
2.367273011058568954e+01
2.373958759009838104e+01
2.378256563842296600e+01
2.379771185666322708e+01
2.382790096104145050e+01
2.381351803243160248e+01
2.369988397508859634e+01
2.368945965915918350e+01
2.373600033670663834e+01
2.375843129307031631e+01
2.365092547237873077e+01
2.358604265004396439e+01
2.367192324250936508e+01
2.358486843109130859e+01
2.368342737853527069e+01
2.365967975556850433e+01
2.374074536561965942e+01
2.363180758804082870e+01
2.371207402646541595e+01
2.364610960334539413e+01
2.364461419731378555e+01
2.356793988496065140e+01
2.354751142114400864e+01
2.360945628583431244e+01
2.367816198617219925e+01
2.364831092208623886e+01
2.366526021063327789e+01
2.352433848381042480e+01
2.354937911033630371e+01
2.346867058426141739e+01
2.353049894422292709e+01
2.353475475311279297e+01
2.360341964662075043e+01
2.355694767832756042e+01
2.353853507339954376e+01
2.354558568447828293e+01
2.353152789175510406e+01
2.349837324768304825e+01
2.345292937010526657e+01
2.346554496884346008e+01
2.336491347849369049e+01
2.340833135694265366e+01
2.356531464308500290e+01
2.341954759508371353e+01
2.351646068692207336e+01
2.349480736255645752e+01
2.357300452888011932e+01
2.341255977004766464e+01
2.348286624252796173e+01
2.336819463968276978e+01
