4.965597633937639775e-03
3.616291104948946445e-03
3.522283030629513000e-03
3.468369478581561759e-03
3.417563430654505744e-03
3.376076272910549618e-03
3.319858697553475669e-03
3.259584052665602614e-03
3.204232865634063995e-03
3.168423759884068068e-03
3.124833597047697777e-03
3.076650815395017349e-03
3.020496003418451404e-03
2.980517094866150761e-03
2.938251245012950263e-03
2.894914775554622861e-03
2.850571164994367655e-03
2.824340811708853181e-03
2.780588304934402451e-03
2.762691919425768437e-03
2.716756307165182904e-03
2.689088435311402445e-03
2.658318579640417054e-03
2.626684642884702728e-03
2.595601078965479452e-03
2.570257666299030977e-03
2.534371737523802553e-03
2.523358261567496246e-03
2.492751991598024259e-03
2.462587023286947046e-03
2.446487718927008864e-03
2.422448929532298144e-03
2.399200779785002832e-03
2.379324818251743207e-03
2.348006655284691230e-03
2.333435161216628178e-03
2.306826551267433714e-03
2.292545092669093752e-03
2.266920573033747149e-03
2.250804064706677429e-03
2.236334931859303241e-03
2.220819869433485454e-03
2.211888774763792580e-03
2.193174776177675943e-03
2.173642026970074113e-03
2.162762811141354536e-03
2.143243990749830238e-03
2.138377280928017293e-03
2.126816284310604696e-03
2.117485659463064999e-03
2.106510622737308141e-03
2.106741352915941345e-03
2.091842620921809202e-03
2.087195592355870107e-03
2.074010530486703006e-03
2.073004583473361459e-03
2.071162780547248453e-03
2.060452562069431739e-03
2.051034727732518100e-03
2.052623652742200083e-03
2.055185839223365018e-03
2.052488890920011692e-03
2.057771068177230260e-03
2.048437266854480528e-03
2.063781579601622548e-03
2.056880001466543980e-03
2.070603343392057264e-03
2.073224345665602292e-03
2.085631273664711668e-03
2.097125640804213976e-03
2.112136385403573340e-03
2.121719301656065787e-03
2.134913038129785355e-03
2.151968340677697187e-03
2.154913115026872630e-03
2.172860657862786798e-03
2.188702779156820929e-03
2.209870260585809071e-03
2.222157418838746450e-03
2.231135432209287433e-03
2.231493736395523744e-03
2.220221535701836710e-03
2.214841376657464712e-03
2.205353981393965834e-03
2.204488151861975793e-03
2.206309031074245655e-03
2.195910791245599559e-03
2.199974842369556427e-03
2.192778455182200353e-03
2.186587742818075965e-03
2.187859932781152997e-03
2.179768362769945924e-03
2.172032071809683589e-03
2.172518013754770778e-03
2.173708761776132082e-03
2.167134108908829251e-03
2.163316474650942012e-03
2.166237471447814058e-03
2.152741930469693164e-03
2.158455386026097034e-03
2.158067860485364878e-03
2.142268244642764503e-03
2.149282082072680872e-03
2.140841339271338118e-03
2.142763595717648607e-03
2.135437550688428464e-03
2.138655275727311799e-03
2.126289583143911154e-03
2.126254840377008598e-03
2.134843859156327663e-03
2.125480496657213957e-03
2.115741371554100830e-03
2.116616801469631097e-03
2.116993379535242383e-03
2.117310467153965103e-03
2.121557667851448233e-03
2.113900275435298855e-03
2.099292664345176525e-03
2.108039437527103009e-03
2.102626305228720138e-03
2.106323450737233784e-03
2.101866200211502302e-03
2.095734684484168268e-03
2.096255383055124939e-03
2.096152203601030998e-03
2.085165028083359792e-03
2.089910855006781466e-03
2.092182993267973235e-03
2.084896609275823515e-03
2.078629546200058079e-03
2.075756619507003204e-03
2.080561290495097464e-03
2.069258652183981334e-03
2.079289586704579241e-03
2.077383189351253781e-03
2.072708538201238279e-03
2.072803447732613370e-03
2.072557451070419342e-03
2.065596777746187603e-03
2.054601007451613628e-03
2.055476358093853706e-03
2.056425190641589067e-03
2.057487441093794073e-03
2.060815122621577518e-03
2.048914301918730672e-03
2.048276368683825139e-03
2.042404918133148336e-03
2.041362102387384286e-03
2.054968343249389314e-03
2.040705974546393967e-03
2.043517299240366330e-03
2.050477831757494245e-03
2.035107937020560077e-03
2.023526405294736024e-03
2.037132229833375947e-03
2.024888309894040846e-03
2.030688038073657619e-03
2.027051458467862399e-03
2.036178417481659519e-03
2.024678136443807883e-03
2.017682318442634050e-03
2.018820056470022398e-03
2.019585389643907374e-03
2.020649547644314242e-03
2.015809855046903857e-03
2.017603933234654676e-03
2.014641743153333751e-03
2.006344849775944239e-03
2.013213385362178174e-03
2.005938003726658383e-03
2.006062008218751063e-03
2.000537617242939201e-03
2.014835903953228653e-03
2.003051211968773747e-03
2.003143288172958784e-03
1.999739764280439661e-03
1.995213444544268605e-03
1.992248050824162436e-03
1.995315327353420522e-03
1.990028809467774083e-03
1.989660775732426511e-03
1.988805313816382776e-03
1.981973839325031940e-03
1.988989077064962519e-03
1.989172088048819960e-03
1.983758505611192633e-03
1.986124265074197537e-03
1.981543096536326782e-03
1.978924150933467074e-03
1.972352672878297918e-03
1.976500815224080040e-03
1.972030198556326813e-03
1.977702940348535603e-03
1.974192518363928651e-03
1.962511941591011441e-03
1.978805942261325536e-03
1.970631031629940019e-03
1.964573337629969829e-03
1.962018802407242048e-03
1.965654398580746805e-03
1.962221368947731411e-03
1.960314784221173570e-03
1.961035697743119220e-03
1.962066108604804560e-03
1.962102810475265750e-03
1.961072872481530501e-03
1.960386177303180977e-03
1.945357984264514282e-03
1.954162166830861799e-03
1.956834144602041890e-03
1.959662482563761122e-03
1.948755647477117426e-03
1.951400777103290624e-03
1.947467562942100522e-03
1.944271581513541116e-03
1.957946814530129882e-03
1.949454623917561266e-03
1.947797007770055893e-03
1.945215072261080938e-03
1.939388358455506169e-03
1.943777442821079766e-03
1.937188244690852493e-03
1.942705062018441247e-03
1.943194608957994575e-03
1.935968194932987220e-03
1.942706846499017356e-03
1.931227083938817255e-03
1.929933672016929946e-03
1.932676972466565316e-03
1.938198959188801871e-03
1.921254228467919991e-03
1.925324880894983002e-03
1.929973864129611374e-03
1.922398950305900453e-03
1.923420030202361783e-03
1.924016563377032706e-03
1.917320941685743190e-03
1.926776973552824564e-03
1.917280921978609933e-03
1.921734425039695743e-03
1.914077554829418659e-03
1.920263757485718859e-03
1.926041161087119853e-03
1.915194075887224510e-03
1.918138185560348558e-03
1.910818000656685752e-03
1.916283202756728470e-03
1.919270030755017504e-03
1.906656634639061635e-03
1.912061332370198910e-03
1.902546536266094216e-03
1.916044234253820979e-03
1.900784351441654405e-03
1.898799790069460869e-03
1.903931174560316922e-03
1.911225423238994102e-03
1.896113560845454548e-03
1.904766971156710616e-03
1.900754005293406280e-03
1.909355205550257754e-03
1.903755820932842352e-03
1.907050844636701487e-03
1.903756793277959101e-03
1.895283863857565986e-03
1.896274469548925009e-03
1.893675867800733879e-03
1.896460802804323872e-03
1.892921334642562025e-03
1.886495095788545467e-03
1.883181537656734286e-03
1.897406315297952813e-03
1.888468662565130499e-03
1.887674523805755924e-03
1.894746630984757603e-03
1.884501710134957580e-03
1.890474422058711391e-03
1.883523528175871974e-03
1.874991355552559731e-03
1.890285667918977300e-03
1.876687223003024180e-03
1.875486050821131151e-03
1.875774591739866066e-03
1.875090653387208751e-03
1.886853199296941331e-03
1.871526247400435734e-03
1.877343615827461142e-03
1.875054312404245182e-03
1.869412904627443684e-03
1.879037908344928639e-03
1.872854569505545339e-03
1.876512300112240282e-03
1.877578952726686361e-03
1.874529537079589782e-03
1.860734614698837143e-03
1.864506857514026516e-03
1.862118231864379973e-03
1.872587400776821879e-03
1.860801890558962330e-03
1.864103889758033511e-03
1.863408867558020857e-03
1.853517224524347520e-03
1.858202172332398990e-03
1.854272743886602832e-03
1.860192540611716946e-03
1.865757848801357331e-03
1.864623572189538303e-03
1.866553615157802914e-03
1.861970777445960592e-03
1.855795446872001569e-03
1.860126718280038670e-03
1.858941471159813010e-03
1.851963624358177228e-03
1.852410573268397894e-03
1.850461141605462241e-03
1.857531648350968338e-03
1.847411614532272050e-03
1.849055867309549106e-03
1.853291264047757583e-03
1.852550569345198924e-03
1.852821632443616730e-03
1.843465159514120740e-03
1.841847031443778976e-03
1.847879449459945795e-03
1.848032954703306965e-03
1.843882869330367921e-03
1.849983526682037749e-03
1.843122625169122406e-03
1.836666485871232607e-03
1.841700925225658175e-03
1.842199928415495618e-03
1.835880490086440634e-03
1.836216903757303910e-03
1.837372575287840246e-03
1.838637564686082570e-03
1.836539435732577503e-03
1.833858016678797291e-03
1.838369697465428365e-03
1.830974375341264983e-03
1.830939380895523850e-03
1.835364712003086400e-03
1.835085058562634965e-03
1.833966085022049322e-03
1.828604443220510373e-03
1.840115891259518468e-03
1.839876637261893049e-03
1.833514457878967227e-03
1.833606298480714965e-03
1.828174796398906576e-03
1.834200241691654560e-03
1.830258735987757039e-03
1.827551006516885297e-03
1.825698128613155446e-03
1.830774658204366735e-03
1.815871621060761564e-03
1.824005748633117808e-03
1.815077943527804941e-03
1.819737194039459721e-03
1.813527377921023576e-03
1.825242187450861614e-03
1.823977320011527757e-03
1.820579989414129957e-03
1.816543726627493091e-03
1.816870718972668670e-03
1.818405334571642461e-03
1.824234773050106666e-03
1.815625890490732116e-03
1.819305042625360500e-03
1.815965519441912557e-03
1.812776523487021627e-03
1.816116159759639326e-03
1.817240523883984285e-03
1.816143879910842203e-03
1.806483626742625467e-03
1.810292276509460965e-03
1.812494231299275520e-03
1.803657311635712855e-03
1.806867476330981364e-03
1.819467339442954173e-03
1.819375934012766463e-03
1.808564632665365978e-03
1.809253954395119608e-03
1.800581786249365194e-03
1.805233294033400980e-03
1.809297507030091165e-03
1.809315387869165096e-03
1.797827329331388004e-03
1.802555957276906354e-03
1.808799381390036563e-03
1.815787006524347165e-03
1.801342051476240201e-03
1.799107163346239406e-03
1.800785076227926157e-03
1.809348103346391894e-03
1.794898421281859941e-03
1.803560843247742958e-03
1.798544955506388649e-03
1.801937386127454863e-03
1.793406864384277906e-03
1.793865333976490083e-03
1.801325147417152158e-03
1.796856225423869562e-03
1.801495751299496103e-03
1.798597610156451058e-03
1.794486241193399539e-03
1.794771796336308870e-03
1.796080481394060928e-03
1.791233658081009322e-03
1.777621006615282603e-03
1.785638990501562696e-03
1.792557160037436606e-03
1.795686163296479534e-03
1.792790643161251522e-03
1.795914617278391396e-03
1.790370893043776411e-03
1.787079532542044111e-03
1.784636866345646732e-03
1.787967413907781862e-03
1.786728739915859066e-03
1.785908212574819623e-03
1.786872171907730135e-03
1.789514477076452423e-03
1.784831305987955637e-03
1.777458836191466969e-03
1.786403650684015992e-03
1.780675056700905265e-03
1.783003202927786572e-03
1.778905013287883493e-03
1.782095695047506345e-03
1.777503484239180810e-03
1.777432356694979339e-03
1.776606715949518439e-03
1.778492680750787345e-03
1.785736080325607718e-03
1.773865250427098450e-03
1.774925577809058526e-03
1.773461180606058585e-03
1.774425049024146335e-03
1.788149701453567919e-03
1.777589891571551605e-03
1.776454897619606475e-03
1.770810777365806540e-03
1.779098976736090019e-03
1.771355216901394480e-03
1.768252933730504262e-03
1.767769196469869001e-03
1.766550758232673024e-03
1.767585658845269910e-03
1.769814047674160605e-03
1.780506330985753404e-03
1.764345460105687336e-03
1.761363847513816236e-03
1.766338362358510494e-03
1.769536133811232649e-03
1.770663084573156866e-03
1.772909297696536506e-03
1.771839139317827553e-03
1.763384224336949193e-03
1.762608605592201096e-03
1.766071453624005897e-03
1.767740423591541467e-03
1.759741478599607858e-03
1.754913887652080617e-03
1.761303812686708815e-03
1.754826520170484289e-03
1.762159775188636276e-03
1.760392838955989912e-03
1.766424506370510355e-03
1.758319016967323538e-03
1.764291222207248124e-03
1.759383155010817981e-03
1.759271889681085282e-03
1.753566955726238840e-03
1.752046980739881609e-03
1.756655973648386286e-03
1.761768004923526792e-03
1.759546943607607052e-03
1.760808051386404671e-03
1.750322803854942365e-03
1.752185945709546335e-03
1.746180847043260140e-03
1.750781171445158282e-03
1.751097823892320974e-03
1.756206818944996409e-03
1.752749083208895780e-03
1.751379097723180416e-03
1.751903696761776931e-03
1.750857730041302344e-03
1.748390866643083959e-03
1.745009625751880056e-03
1.745948286372281345e-03
1.738460824292685373e-03
1.741691321201090320e-03
1.753371625229538811e-03
1.742525862729442983e-03
1.749736658253130388e-03
1.748125547809260306e-03
1.753943789351199416e-03
1.742005935271403539e-03
1.747237071616663780e-03
1.738704958309729952e-03
