6.224146537482738495e+01
4.852456004917621613e+01
4.766167721152305603e+01
4.688589780032634735e+01
4.622139956057071686e+01
4.576745441555976868e+01
4.519767536222934723e+01
4.478420560061931610e+01
4.435310035943984985e+01
4.378640410304069519e+01
4.317043314874172211e+01
4.260624365508556366e+01
4.217908141016960144e+01
4.161723631620407104e+01
4.119545809924602509e+01
4.077746976912021637e+01
4.047629953920841217e+01
4.008475364744663239e+01
3.955565463006496429e+01
3.926241223514080048e+01
3.885788354277610779e+01
3.848847128450870514e+01
3.807605658471584320e+01
3.769081868231296539e+01
3.743164861202239990e+01
3.695557947456836700e+01
3.679773075878620148e+01
3.624862506985664368e+01
3.598859344422817230e+01
3.556538410484790802e+01
3.523085777461528778e+01
3.490639586746692657e+01
3.470436535775661469e+01
3.431445664167404175e+01
3.391761106252670288e+01
3.369060909748077393e+01
3.327979239821434021e+01
3.299082843959331512e+01
3.284011724591255188e+01
3.253091679513454437e+01
3.239156502485275269e+01
3.212812323868274689e+01
3.167092408239841461e+01
3.161210386455059052e+01
3.133281724154949188e+01
3.109968627989292145e+01
3.075865855813026428e+01
3.055552314221858978e+01
3.054773874580860138e+01
3.017185633629560471e+01
3.005134414881467819e+01
2.982934467494487762e+01
2.964035933464765549e+01
2.944097584486007690e+01
2.927508781105279922e+01
2.911064378917217255e+01
2.899882508069276810e+01
2.883309060335159302e+01
2.881210078299045563e+01
2.867000998556613922e+01
2.850951845198869705e+01
2.845279641449451447e+01
2.847197140753269196e+01
2.855012793838977814e+01
2.833643989264965057e+01
2.837538079172372818e+01
2.834150300920009613e+01
2.830522997677326202e+01
2.828367263078689575e+01
2.857158024609088898e+01
2.854645694792270660e+01
2.863269264250993729e+01
2.890171443670988083e+01
2.893291198462247849e+01
2.918100414425134659e+01
2.921411579102277756e+01
2.931914813071489334e+01
2.936913119256496429e+01
2.967693692445755005e+01
2.974593363702297211e+01
2.963156699389219284e+01
2.948953308910131454e+01
2.932925308495759964e+01
2.927878842502832413e+01
2.920799338072538376e+01
2.901706674695014954e+01
2.920737429708242416e+01
2.891810137778520584e+01
2.878983099758625031e+01
2.862746898084878922e+01
2.880076839029788971e+01
2.870995460450649261e+01
2.841657286882400513e+01
2.861298439651727676e+01
2.832777437567710876e+01
2.824702409654855728e+01
2.843129896372556686e+01
2.822163030505180359e+01
2.794952513277530670e+01
2.811563077569007874e+01
2.803555262833833694e+01
2.798531050235033035e+01
2.766630435734987259e+01
2.767131381481885910e+01
2.777330805361270905e+01
2.765830165892839432e+01
2.745505029708147049e+01
2.737536603957414627e+01
2.766535053402185440e+01
2.717787463217973709e+01
2.712343115359544754e+01
2.705149721354246140e+01
2.702654775232076645e+01
2.695779302716255188e+01
2.687516123056411743e+01
2.697834324836730957e+01
2.677449990063905716e+01
2.692715909332036972e+01
2.672537467628717422e+01
2.644320821762084961e+01
2.635080438852310181e+01
2.643105722963809967e+01
2.642514152824878693e+01
2.633775833249092102e+01
2.645390305668115616e+01
2.643623983860015869e+01
2.650221459567546844e+01
2.621348048746585846e+01
2.625201212614774704e+01
2.635996591299772263e+01
2.630456808954477310e+01
2.612663722783327103e+01
2.611293808370828629e+01
2.605664430558681488e+01
2.624031501263380051e+01
2.607778526842594147e+01
2.600866660475730896e+01
2.592937684804201126e+01
2.589035797864198685e+01
2.580367805808782578e+01
2.590973599255084991e+01
2.584305179864168167e+01
2.596267915517091751e+01
2.581874922662973404e+01
2.572354282438755035e+01
2.574381484091281891e+01
2.575454334914684296e+01
2.569714963436126709e+01
2.566523039340972900e+01
2.580465938150882721e+01
2.559346082806587219e+01
2.562488387525081635e+01
2.557430849969387054e+01
2.571064930409193039e+01
2.544254031032323837e+01
2.544195701181888580e+01
2.542444918304681778e+01
2.543671145290136337e+01
2.545370658487081528e+01
2.536006371676921844e+01
2.545339117944240570e+01
2.528544872999191284e+01
2.544155327975749969e+01
2.536176855862140656e+01
2.520635035634040833e+01
2.517517545074224472e+01
2.517609044909477234e+01
2.529656145721673965e+01
2.525147098302841187e+01
2.532025334984064102e+01
2.513536815345287323e+01
2.509296417236328125e+01
2.511586330085992813e+01
2.509548664838075638e+01
2.504789970815181732e+01
2.533361581712961197e+01
2.495649395138025284e+01
2.517184037715196609e+01
2.501309709250926971e+01
2.480108305811882019e+01
2.507662568241357803e+01
2.498509793728590012e+01
2.498498448729515076e+01
2.495095385611057281e+01
2.497156051546335220e+01
2.489362442493438721e+01
2.473691095411777496e+01
2.477671767771244049e+01
2.478958912938833237e+01
2.465290732681751251e+01
2.473703334480524063e+01
2.475111194700002670e+01
2.472859608381986618e+01
2.469398520886898041e+01
2.484203717857599258e+01
2.484049884229898453e+01
2.474101577699184418e+01
2.466103748977184296e+01
2.470625097304582596e+01
2.460998540371656418e+01
2.483506289869546890e+01
2.459370390325784683e+01
2.460663358122110367e+01
2.458163058012723923e+01
2.463202594965696335e+01
2.441796825081110001e+01
2.472613060474395752e+01
2.447118217498064041e+01
2.442193062603473663e+01
2.431322577595710754e+01
2.456801976263523102e+01
2.456423372030258179e+01
2.445625826716423035e+01
2.450173985958099365e+01
2.428307958692312241e+01
2.432249613106250763e+01
2.437154565751552582e+01
2.450572743266820908e+01
2.432873850315809250e+01
2.439994095265865326e+01
2.423461688309907913e+01
2.423156835138797760e+01
2.434557577967643738e+01
2.439657608419656754e+01
2.423579201102256775e+01
2.429557745903730392e+01
2.426870924979448318e+01
2.421028583496809006e+01
2.415876594930887222e+01
2.421238978952169418e+01
2.421245101839303970e+01
2.412227093428373337e+01
2.417580582201480865e+01
2.407534542679786682e+01
2.427619757503271103e+01
2.414310252666473389e+01
2.417051797360181808e+01
2.397910947352647781e+01
2.407032264024019241e+01
2.429397086054086685e+01
2.427050779014825821e+01
2.399450806528329849e+01
2.410642883926630020e+01
2.408081692457199097e+01
2.398650326579809189e+01
2.404071280360221863e+01
2.389276691526174545e+01
2.411479927599430084e+01
2.392234569787979126e+01
2.393906036764383316e+01
2.393417748063802719e+01
2.401782596111297607e+01
2.382960937917232513e+01
2.386471744626760483e+01
2.378785709291696548e+01
2.384654397517442703e+01
2.394049081206321716e+01
2.390622703731060028e+01
2.373855888843536377e+01
2.366131114214658737e+01
2.391873648762702942e+01
2.384652381390333176e+01
2.368858036398887634e+01
2.391619720309972763e+01
2.385055323690176010e+01
2.362857993692159653e+01
2.381061607599258423e+01
2.384458164125680923e+01
2.400426088273525238e+01
2.371582736074924469e+01
2.382272341847419739e+01
2.376158483326435089e+01
2.365390456467866898e+01
2.384529433399438858e+01
2.378250763565301895e+01
2.373046821355819702e+01
2.367337134480476379e+01
2.363891140371561050e+01
2.377160615473985672e+01
2.352131181955337524e+01
2.368234322220087051e+01
2.351330291479825974e+01
2.364514607936143875e+01
2.346237225830554962e+01
2.353638339787721634e+01
2.346922565996646881e+01
2.362241670489311218e+01
2.362761607766151428e+01
2.363662941753864288e+01
2.362313750386238098e+01
2.350636339187622070e+01
2.353646666556596756e+01
2.339147178083658218e+01
2.363085784763097763e+01
2.350212273746728897e+01
2.358924109488725662e+01
2.364097923785448074e+01
2.340413024276494980e+01
2.345413682609796524e+01
2.359605503082275391e+01
2.336057008802890778e+01
2.351948583126068115e+01
2.342785404622554779e+01
2.338280891627073288e+01
2.330516240745782852e+01
2.335441503673791885e+01
2.335463381558656693e+01
2.339708730578422546e+01
2.334625589847564697e+01
2.336545985192060471e+01
2.337558838725090027e+01
2.324684852361679077e+01
2.357828318327665329e+01
2.327473871409893036e+01
2.332049609720706940e+01
2.331700614839792252e+01
2.327368198335170746e+01
2.344492967426776886e+01
2.328079340606927872e+01
2.320782333612442017e+01
2.327244199067354202e+01
2.317501629889011383e+01
2.332903287559747696e+01
2.321138651669025421e+01
2.323291135579347610e+01
2.317459131777286530e+01
2.313108645379543304e+01
2.330014679580926895e+01
2.329297555983066559e+01
2.307662129402160645e+01
2.314877953380346298e+01
2.306631251424551010e+01
2.296597596257925034e+01
2.324559745192527771e+01
2.328621552139520645e+01
2.307185724377632141e+01
2.333415590226650238e+01
2.320981018990278244e+01
2.319307783246040344e+01
2.335883187502622604e+01
2.298446836322546005e+01
2.318984596431255341e+01
2.299476136267185211e+01
2.322203651070594788e+01
2.308555585891008377e+01
2.296666849404573441e+01
2.302464649081230164e+01
2.298868702352046967e+01
2.315988679230213165e+01
2.310492160916328430e+01
2.303821096569299698e+01
2.306145633012056351e+01
2.301975373923778534e+01
2.304524300247430801e+01
2.297486476600170135e+01
2.306149674206972122e+01
2.306948364526033401e+01
2.294834110140800476e+01
2.294143593311309814e+01
2.291058889776468277e+01
2.294630680978298187e+01
2.296496397256851196e+01
2.298797550052404404e+01
2.303661244362592697e+01
2.293150827288627625e+01
2.302881841361522675e+01
2.293558223545551300e+01
2.291844379156827927e+01
2.285176342725753784e+01
2.288819418847560883e+01
2.291529630124568939e+01
2.288132381439208984e+01
2.292758822441101074e+01
2.272698348015546799e+01
2.285610447078943253e+01
2.294402348995208740e+01
2.299364989995956421e+01
2.290394554287195206e+01
2.286750439554452896e+01
2.270538263022899628e+01
2.290229503810405731e+01
2.286834934353828430e+01
2.263601984083652496e+01
2.274902100116014481e+01
2.278960883617401123e+01
2.285129214823246002e+01
2.271504977345466614e+01
2.273647440969944000e+01
2.278868470340967178e+01
2.271333476901054382e+01
2.275706260651350021e+01
2.272196056693792343e+01
2.263048930466175079e+01
2.291954760998487473e+01
2.262918268144130707e+01
2.263350596278905869e+01
2.265269460529088974e+01
2.263100390881299973e+01
2.249434572458267212e+01
2.260103062540292740e+01
2.279668296873569489e+01
2.269372292608022690e+01
2.259170386940240860e+01
2.260608931630849838e+01
2.271924438327550888e+01
2.265804497152566910e+01
2.262132444977760315e+01
2.268363453447818756e+01
2.251285354793071747e+01
2.263100491464138031e+01
2.256608401983976364e+01
2.275617802143096924e+01
2.261454743146896362e+01
2.262361193448305130e+01
2.254572780430316925e+01
2.272016744315624237e+01
2.264666722714900970e+01
2.255386252701282501e+01
2.255939258635044098e+01
2.249454279989004135e+01
2.246010096371173859e+01
2.257383400201797485e+01
2.251694326102733612e+01
2.253016135096549988e+01
2.249347827583551407e+01
2.253547614067792892e+01
2.254373963922262192e+01
2.249002667516469955e+01
2.244745728373527527e+01
2.247576644271612167e+01
2.239517393708229065e+01
2.240058428049087524e+01
2.239062409102916718e+01
2.248785095661878586e+01
2.253442342579364777e+01
2.238377739489078522e+01
2.240543695539236069e+01
2.254145795851945877e+01
2.229567348212003708e+01
2.245232541859149933e+01
2.241873084753751755e+01
2.256391701102256775e+01
2.243000355362892151e+01
2.245110760629177094e+01
2.240198634564876556e+01
2.236420290172100067e+01
2.228907557576894760e+01
2.252813163399696350e+01
2.232262120395898819e+01
2.227402013540267944e+01
2.243233721703290939e+01
2.235418251156806946e+01
2.232797879725694656e+01
2.236280987411737442e+01
2.236158920824527740e+01
2.231812310218811035e+01
2.238497285544872284e+01
2.239859820157289505e+01
2.224102512747049332e+01
2.242322881519794464e+01
2.231369534134864807e+01
2.220214574784040451e+01
2.227562844753265381e+01
2.240808217972517014e+01
2.237708051502704620e+01
2.215246888250112534e+01
2.257850410044193268e+01
2.235464640706777573e+01
2.233309499919414520e+01
2.216853555291891098e+01
2.228490740060806274e+01
2.232156399637460709e+01
2.222048192471265793e+01
2.224343989789485931e+01
2.232425568252801895e+01
2.237886613607406616e+01
2.220513354241847992e+01
2.208417403697967529e+01
2.213476685434579849e+01
2.215082104504108429e+01
2.219426424801349640e+01
2.231751593947410583e+01
2.208941484987735748e+01
2.216352996230125427e+01
2.213353291153907776e+01
2.221427774429321289e+01
2.239299201965332031e+01
2.213290987163782120e+01
2.214936356991529465e+01
2.210185436904430389e+01
2.229259996861219406e+01
2.216752665489912033e+01
2.215361446887254715e+01
2.224144289642572403e+01
2.205499344319105148e+01
2.222729507088661194e+01
2.214454483985900879e+01
2.209049797058105469e+01
2.199246849864721298e+01
2.200968053936958313e+01
