4.631061411817513802e-03
3.610458336992277816e-03
3.546255744904989148e-03
3.488534062524281925e-03
3.439092229209130772e-03
3.405316548776768631e-03
3.362922273975397884e-03
3.332158154807985002e-03
3.300081871982131747e-03
3.257916971952432624e-03
3.212085799757568704e-03
3.170107414812913752e-03
3.138324509685238087e-03
3.096520559241374305e-03
3.065138251431996121e-03
3.034037929250016190e-03
3.011629430000625860e-03
2.982496551149303125e-03
2.943129064736976688e-03
2.921310434162262010e-03
2.891211573123222359e-03
2.863725542002136006e-03
2.833039924458023891e-03
2.804376390053047938e-03
2.785092902680238146e-03
2.749671091857765291e-03
2.737926395743021154e-03
2.697070317697666982e-03
2.677722726505072249e-03
2.646233936372612266e-03
2.621343584420780370e-03
2.597202073472241590e-03
2.582170041499748034e-03
2.553158976315032976e-03
2.523631775485617700e-03
2.506741748324462556e-03
2.476175029629043307e-03
2.454674735088788456e-03
2.443461104606588653e-03
2.420455118685605790e-03
2.410086683396782392e-03
2.390485360021037640e-03
2.356467565654643895e-03
2.352091061350490390e-03
2.331310806662908412e-03
2.313964752968223314e-03
2.288590666527549368e-03
2.273476424272216287e-03
2.272897228110758866e-03
2.244929786926756505e-03
2.235963106310615792e-03
2.219445288314351138e-03
2.205383879066045646e-03
2.190548797980660344e-03
2.178205938322381064e-03
2.165970520027691616e-03
2.157650675646783419e-03
2.145319241320802883e-03
2.143757498734408847e-03
2.133185266783195044e-03
2.121243932439635139e-03
2.117023542745127482e-03
2.118450253536658702e-03
2.124265471606382166e-03
2.108366063441194111e-03
2.111263451765158210e-03
2.108742783422626072e-03
2.106043897081343822e-03
2.104439927885929599e-03
2.125861625453191132e-03
2.123992332434725041e-03
2.130408678758179738e-03
2.150425181302818324e-03
2.152746427427267711e-03
2.171205665494891669e-03
2.173669329689194817e-03
2.181484235916286533e-03
2.185203213732512303e-03
2.208105425926901091e-03
2.213239109897542547e-03
2.204729687045550116e-03
2.194161688177181067e-03
2.182236092630773869e-03
2.178481281624131474e-03
2.173213793208733733e-03
2.159007942481409870e-03
2.173167730437680547e-03
2.151644447751875373e-03
2.142100520653738953e-03
2.130020013456011309e-03
2.142914314754307357e-03
2.136157336644828406e-03
2.114328338454166990e-03
2.128942291407535676e-03
2.107721307714070704e-03
2.101713102421767527e-03
2.115424030039104748e-03
2.099823683411592735e-03
2.079577762855305389e-03
2.091936813667416399e-03
2.085978618179935677e-03
2.082240364758209273e-03
2.058504788493294158e-03
2.058877515983546010e-03
2.066466373036660031e-03
2.057909349622648234e-03
2.042786480437609395e-03
2.036857592230219283e-03
2.058433819495673715e-03
2.022163291084801660e-03
2.018112437023470655e-03
2.012760209340957052e-03
2.010903850619104750e-03
2.005788171663880261e-03
1.999639972512211056e-03
2.007317205979710500e-03
1.992150290226120304e-03
2.003508861110146495e-03
1.988495139604700476e-03
1.967500611430122743e-03
1.960625326527016491e-03
1.966596520062358772e-03
1.966156363708987127e-03
1.959654637834146087e-03
1.968296358384014760e-03
1.966982130848226283e-03
1.971890966940139083e-03
1.950407774365019295e-03
1.953274711766945365e-03
1.961306987574235397e-03
1.957185125710176384e-03
1.943946222309023185e-03
1.942926940752104674e-03
1.938738415594257105e-03
1.952404390820967200e-03
1.940311403900739796e-03
1.935168646187299763e-03
1.929269110717411534e-03
1.926365921029909653e-03
1.919916522179153677e-03
1.927807737540985882e-03
1.922846115970363277e-03
1.931746960950216996e-03
1.921037888886140913e-03
1.913954079195502199e-03
1.915462413758394237e-03
1.916260665859140103e-03
1.911990300175689557e-03
1.909615356652509532e-03
1.919989537314644801e-03
1.904275359231091683e-03
1.906613383575209500e-03
1.902850334798651026e-03
1.912994739887792419e-03
1.893046154041907710e-03
1.893002753855571900e-03
1.891700088024316851e-03
1.892612459293256102e-03
1.893876978040983337e-03
1.886909502735805008e-03
1.893853510375178998e-03
1.881357792410112521e-03
1.892972714267671195e-03
1.887036351087902379e-03
1.875472496751518382e-03
1.873152935323083631e-03
1.873221015557646751e-03
1.882184632233388326e-03
1.878829686237233100e-03
1.883947421863142908e-03
1.870191082846195830e-03
1.867036024729410880e-03
1.868739828933030410e-03
1.867223708956901535e-03
1.863683013999391149e-03
1.884941653060238920e-03
1.856881990430078342e-03
1.872904789966664237e-03
1.861093533668844438e-03
1.845318679919554991e-03
1.865820363274819753e-03
1.859010263190915158e-03
1.859001821971365421e-03
1.856469780960608162e-03
1.858003014543404240e-03
1.852204198283808516e-03
1.840543969800429672e-03
1.843505779591699412e-03
1.844463476889012833e-03
1.834293699912017310e-03
1.840553076250389880e-03
1.841600591294644852e-03
1.839925303855644706e-03
1.837350089945608651e-03
1.848365861501189865e-03
1.848251401956769709e-03
1.840849388169036064e-03
1.834898622750881199e-03
1.838262721208766765e-03
1.831100104443196715e-03
1.847846941867222446e-03
1.829888683278113560e-03
1.830850712888475000e-03
1.828990370545181517e-03
1.832740026016143036e-03
1.816813113899635405e-03
1.839741860472020665e-03
1.820772483257488078e-03
1.817107933484727331e-03
1.809019774996808516e-03
1.827977660910359370e-03
1.827695961332037253e-03
1.819662073449719499e-03
1.823046120504538247e-03
1.806776754979399048e-03
1.809709533561198536e-03
1.813359051898476683e-03
1.823342814930670403e-03
1.810173995770691371e-03
1.815471797072816529e-03
1.803170899040110143e-03
1.802944073763986356e-03
1.811426769321163510e-03
1.815221434836054209e-03
1.803258334153464955e-03
1.807706656178370824e-03
1.805707533466851351e-03
1.801360553197030616e-03
1.797527228371195804e-03
1.801517097434649850e-03
1.801521653154243953e-03
1.794811825467539698e-03
1.798795076042768604e-03
1.791320344255793685e-03
1.806264700523267132e-03
1.796361795138745002e-03
1.798401634940611409e-03
1.784159931065958278e-03
1.790946625017871517e-03
1.807587117599766986e-03
1.805841353433650272e-03
1.785305659619293049e-03
1.793633098159694989e-03
1.791727449744939761e-03
1.784710064419500882e-03
1.788743512172784192e-03
1.777735633576022715e-03
1.794255898511480738e-03
1.779936435854151140e-03
1.781180086878261359e-03
1.780816776833186489e-03
1.787040622106620281e-03
1.773036412140798022e-03
1.775648619513958693e-03
1.769929843222988559e-03
1.774296426724287709e-03
1.781286518754703670e-03
1.778737130752276914e-03
1.766261822056202713e-03
1.760514221885906699e-03
1.779667893424630252e-03
1.774294926629712242e-03
1.762543181844410502e-03
1.779478958563967921e-03
1.774594734888523730e-03
1.758078864354285353e-03
1.771623219939924511e-03
1.774150419736369739e-03
1.786031315679706324e-03
1.764570488150985373e-03
1.772524063874568326e-03
1.767975061998835725e-03
1.759963137252877055e-03
1.774203447469820550e-03
1.769531818128944767e-03
1.765659837318318132e-03
1.761411558393211497e-03
1.758847574681221028e-03
1.768720696037191743e-03
1.750097605621530944e-03
1.762079108794707564e-03
1.749501704970108642e-03
1.759311464238202298e-03
1.745712221600115386e-03
1.751219002818245243e-03
1.746222147318933710e-03
1.757620290542642348e-03
1.758007148635529248e-03
1.758677784043053728e-03
1.757673921418332003e-03
1.748985371419361622e-03
1.751225198330801135e-03
1.740436888455102827e-03
1.758248351758257303e-03
1.748669846537744639e-03
1.755151867179111438e-03
1.759001431387982248e-03
1.741378738300963574e-03
1.745099466227527244e-03
1.755658856460026382e-03
1.738137655359293801e-03
1.749961743397372054e-03
1.743143902248924610e-03
1.739792330079667580e-03
1.734015060078707409e-03
1.737679690233476064e-03
1.737695968421619627e-03
1.740854710251802480e-03
1.737072611493723807e-03
1.738501477077425894e-03
1.739255088337120485e-03
1.729676229435773201e-03
1.754336546374751001e-03
1.731751392418075155e-03
1.735155959613621148e-03
1.734896290803416815e-03
1.731672766618430701e-03
1.744414410287780434e-03
1.732201890332535615e-03
1.726772569652114658e-03
1.731580505258448069e-03
1.724331569857895418e-03
1.735791136577193331e-03
1.727037687253739221e-03
1.728639237782252785e-03
1.724299949239052479e-03
1.721062980193112640e-03
1.733641874688189675e-03
1.733108300582638771e-03
1.717010512948036194e-03
1.722379429598472041e-03
1.716243490643267226e-03
1.708777973406194273e-03
1.729583143744440211e-03
1.732605321532381358e-03
1.716656044923833531e-03
1.736172314156733849e-03
1.726920401034433153e-03
1.725675433962827561e-03
1.738008324034689359e-03
1.710153896073323028e-03
1.725434967582779172e-03
1.710919744246417514e-03
1.727830097522764030e-03
1.717675287121286053e-03
1.708829501045069617e-03
1.713143340090201097e-03
1.710467784488130076e-03
1.723205862522480094e-03
1.719116191157982372e-03
1.714152601614062207e-03
1.715882167419684841e-03
1.712779296074239989e-03
1.714675818636481226e-03
1.709439342708460015e-03
1.715885174261139916e-03
1.716479437891393857e-03
1.707465855759524248e-03
1.706952078356629423e-03
1.704656912036062698e-03
1.707314494775519524e-03
1.708702676530395167e-03
1.710414843788991314e-03
1.714033663960262428e-03
1.706213413161181310e-03
1.713453751013037764e-03
1.706516535376154152e-03
1.705241353539306472e-03
1.700280016909042936e-03
1.702990639023482713e-03
1.705007165271256670e-03
1.702479450475601931e-03
1.705921742887723993e-03
1.690995794654424770e-03
1.700603011219451767e-03
1.707144604907149393e-03
1.710837046127943687e-03
1.704162614797020319e-03
1.701451219906586956e-03
1.689388588558705028e-03
1.704039809382742326e-03
1.701514088060884214e-03
1.684227666728908140e-03
1.692635491157748863e-03
1.695655419358185452e-03
1.700244951505391466e-03
1.690107870048710315e-03
1.691701965007398742e-03
1.695586659479886293e-03
1.689980265551379712e-03
1.693233824889397391e-03
1.690622065992405032e-03
1.683816168501618346e-03
1.705323482885779448e-03
1.683718949512002074e-03
1.684040622231328674e-03
1.685468348607953130e-03
1.683854457500967268e-03
1.673686437840972646e-03
1.681624302485336961e-03
1.696181768507120085e-03
1.688521051047635856e-03
1.680930347425774532e-03
1.682000693177715649e-03
1.690419968993713473e-03
1.685866441333755189e-03
1.683134259656071576e-03
1.687770426672484132e-03
1.675063508030559317e-03
1.683854532339388319e-03
1.679024108619030101e-03
1.693168007546947112e-03
1.682630017222393063e-03
1.683304459410941414e-03
1.677509509248747760e-03
1.690488649044363367e-03
1.685019882972396644e-03
1.678114771355120917e-03
1.678526234103455434e-03
1.673701101182294843e-03
1.671138464561885235e-03
1.679600744197765972e-03
1.675367802159772072e-03
1.676351290994456799e-03
1.673621895523475823e-03
1.676746736657583900e-03
1.677361580299302143e-03
1.673365079997373535e-03
1.670197714563636561e-03
1.672304050797330426e-03
1.666307584604337063e-03
1.666710139917475892e-03
1.665969054392051193e-03
1.673203196176992896e-03
1.676668409657265440e-03
1.665459627596040668e-03
1.667071202038122131e-03
1.677191812389840697e-03
1.658904276943455039e-03
1.670559926978534143e-03
1.668060330917969965e-03
1.678862872843941154e-03
1.668899073930723252e-03
1.670469315944328155e-03
1.666814460241723608e-03
1.664003192092336448e-03
1.658413361292332498e-03
1.676200270386678844e-03
1.660909315770757975e-03
1.657293164836508813e-03
1.669072709600662912e-03
1.663257627348814624e-03
1.661307946224475180e-03
1.663899544205161771e-03
1.663808720851583196e-03
1.660574635579472463e-03
1.665548575554220371e-03
1.666562366188459451e-03
1.654838179127268846e-03
1.668395001130799481e-03
1.660245189088441166e-03
1.651945368142887201e-03
1.657412830917608191e-03
1.667268019324789343e-03
1.664961347844274176e-03
1.648249172805143310e-03
1.679948221759072378e-03
1.663292143383019025e-03
1.661688616011469189e-03
1.649444609592180897e-03
1.658103229211909399e-03
1.660830654492158245e-03
1.653309667017310901e-03
1.655017849545748366e-03
1.661030928759525205e-03
1.665094206553129844e-03
1.652167674287089230e-03
1.643167711084797230e-03
1.646932057615014796e-03
1.648126565851271196e-03
1.651358947024813726e-03
1.660529459782299471e-03
1.643557652520636616e-03
1.649072169814081324e-03
1.646840246394276619e-03
1.652848046450387971e-03
1.666145239557538689e-03
1.646793889258766361e-03
1.648018122761554620e-03
1.644483211982463019e-03
1.658675592902692951e-03
1.649369542775232234e-03
1.648334409886350336e-03
1.654869263126913922e-03
1.640996535951715117e-03
1.653816597536206289e-03
1.647659586299033297e-03
1.643638241858709492e-03
1.636344382339822425e-03
1.637625040131665327e-03
