6.327113831043243408e+01
4.869348512589931488e+01
4.796406197547912598e+01
4.720084463059902191e+01
4.647683922946453094e+01
4.586132284998893738e+01
4.524206398427486420e+01
4.471644625067710876e+01
4.432098177075386047e+01
4.377275273203849792e+01
4.340972633659839630e+01
4.279294104874134064e+01
4.233247092366218567e+01
4.183602423965930939e+01
4.148543980717658997e+01
4.113865822553634644e+01
4.073694568872451782e+01
4.037719595432281494e+01
4.000576633214950562e+01
3.954853497445583344e+01
3.933048030734062195e+01
3.896496929228305817e+01
3.889829649031162262e+01
3.846982374787330627e+01
3.805222250521183014e+01
3.777489553391933441e+01
3.744492696225643158e+01
3.714314019680023193e+01
3.681872549653053284e+01
3.646627111732959747e+01
3.622003203630447388e+01
3.609541957080364227e+01
3.559352076053619385e+01
3.531170555949211121e+01
3.514817251265048981e+01
3.483358339965343475e+01
3.457430776953697205e+01
3.431682854890823364e+01
3.393180809915065765e+01
3.377982921898365021e+01
3.330996650457382202e+01
3.314114947617053986e+01
3.307532465457916260e+01
3.272972193360328674e+01
3.244314813613891602e+01
3.210418897867202759e+01
3.209460155665874481e+01
3.191499710083007812e+01
3.153161491453647614e+01
3.132961805164813995e+01
3.111747962236404419e+01
3.089031048119068146e+01
3.061598035693168640e+01
3.050048148632049561e+01
3.030169191211462021e+01
3.009820187091827393e+01
3.006796903163194656e+01
2.981251111626625061e+01
2.967562427371740341e+01
2.957133208960294724e+01
2.952182362973690033e+01
2.932360690832138062e+01
2.921940785646438599e+01
2.903960146754980087e+01
2.906872578710317612e+01
2.900538478791713715e+01
2.902097320556640625e+01
2.890891686081886292e+01
2.880249167978763580e+01
2.886792553961277008e+01
2.899334583431482315e+01
2.897009475529193878e+01
2.900689587742090225e+01
2.898327481746673584e+01
2.914753545820713043e+01
2.934998907893896103e+01
2.951907278597354889e+01
2.963356541097164154e+01
2.966022938489913940e+01
2.978648068010807037e+01
2.983603584021329880e+01
2.963021183013916016e+01
2.944605404883623123e+01
2.941957925260066986e+01
2.926961680501699448e+01
2.924905437231063843e+01
2.899664516001939774e+01
2.878450689464807510e+01
2.903017564117908478e+01
2.863420745730400085e+01
2.871965679526329041e+01
2.855582755059003830e+01
2.890290394425392151e+01
2.833915790170431137e+01
2.831174515187740326e+01
2.823828901350498199e+01
2.815442489087581635e+01
2.819604248553514481e+01
2.803819803893566132e+01
2.791571677476167679e+01
2.790625699609518051e+01
2.775591005384922028e+01
2.756448399275541306e+01
2.745617618411779404e+01
2.759571203589439392e+01
2.742442101240158081e+01
2.741809067130088806e+01
2.741736084967851639e+01
2.732240104675292969e+01
2.691404770314693451e+01
2.711360810697078705e+01
2.684976924210786819e+01
2.679031311720609665e+01
2.680869691073894501e+01
2.672421274334192276e+01
2.663069325685501099e+01
2.658623526990413666e+01
2.657026020437479019e+01
2.637072170525789261e+01
2.633460009098052979e+01
2.623051029443740845e+01
2.616743216663599014e+01
2.621032422780990601e+01
2.633256261050701141e+01
2.596997973322868347e+01
2.620312526822090149e+01
2.606149616837501526e+01
2.588914746046066284e+01
2.592117885500192642e+01
2.598045311868190765e+01
2.589673867076635361e+01
2.569677210599184036e+01
2.589282910525798798e+01
2.604950390756130219e+01
2.579416216909885406e+01
2.589384145289659500e+01
2.567632687091827393e+01
2.572794234752655029e+01
2.575117427110671997e+01
2.551452382653951645e+01
2.556903232634067535e+01
2.574068202823400497e+01
2.548276031017303467e+01
2.553880516439676285e+01
2.548380748927593231e+01
2.552167535573244095e+01
2.530783028155565262e+01
2.543120262026786804e+01
2.536557123810052872e+01
2.552600019425153732e+01
2.531876704841852188e+01
2.542938791960477829e+01
2.518644538521766663e+01
2.537190698832273483e+01
2.552141881734132767e+01
2.525304114073514938e+01
2.504287701100111008e+01
2.517377907037734985e+01
2.512895910441875458e+01
2.526842315495014191e+01
2.518887852877378464e+01
2.506949502229690552e+01
2.511991079896688461e+01
2.518154265731573105e+01
2.504000290483236313e+01
2.482097847759723663e+01
2.488080429285764694e+01
2.508552090823650360e+01
2.493098601698875427e+01
2.504142903536558151e+01
2.484617064148187637e+01
2.482539428025484085e+01
2.478299625962972641e+01
2.479669780284166336e+01
2.490044089406728745e+01
2.488971637189388275e+01
2.475463185459375381e+01
2.499085538834333420e+01
2.478716913610696793e+01
2.486796114593744278e+01
2.464515592902898788e+01
2.463639029115438461e+01
2.466482558846473694e+01
2.462455879151821136e+01
2.461861412972211838e+01
2.459290225803852081e+01
2.465269812941551208e+01
2.460523587465286255e+01
2.448666778206825256e+01
2.479289167374372482e+01
2.458410809189081192e+01
2.455654484778642654e+01
2.456563516706228256e+01
2.436578414589166641e+01
2.446561530977487564e+01
2.446965277194976807e+01
2.445892216265201569e+01
2.449164599925279617e+01
2.443184702843427658e+01
2.440613764524459839e+01
2.436988747864961624e+01
2.430095851421356201e+01
2.430137729644775391e+01
2.440357295423746109e+01
2.437795880436897278e+01
2.428509059548377991e+01
2.439339088648557663e+01
2.421364391595125198e+01
2.427405635267496109e+01
2.432436351478099823e+01
2.419552104920148849e+01
2.415917907655239105e+01
2.417201191931962967e+01
2.429922922700643539e+01
2.423037826269865036e+01
2.423732432723045349e+01
2.415139972418546677e+01
2.410455849766731262e+01
2.427074829488992691e+01
2.410244650393724442e+01
2.416618766635656357e+01
2.402526652812957764e+01
2.424500083923339844e+01
2.399249276518821716e+01
2.415780405700206757e+01
2.421626389026641846e+01
2.388075686991214752e+01
2.397488917410373688e+01
2.396968817710876465e+01
2.398629006743431091e+01
2.385182872414588928e+01
2.393151013553142548e+01
2.395628051459789276e+01
2.390374056249856949e+01
2.403916326165199280e+01
2.386902739107608795e+01
2.373431550711393356e+01
2.375352526456117630e+01
2.382300399243831635e+01
2.378566764295101166e+01
2.377312546968460083e+01
2.372935764491558075e+01
2.385919447243213654e+01
2.383890968561172485e+01
2.375793240219354630e+01
2.370787597447633743e+01
2.387580133974552155e+01
2.374769300967454910e+01
2.362724394351243973e+01
2.386866879463195801e+01
2.370964735746383667e+01
2.370007544010877609e+01
2.358913556486368179e+01
2.362632125616073608e+01
2.360207413882017136e+01
2.374756491929292679e+01
2.358800054341554642e+01
2.363577343523502350e+01
2.370834557712078094e+01
2.373473379760980606e+01
2.363908120989799500e+01
2.355668129771947861e+01
2.360353521257638931e+01
2.350455474108457565e+01
2.353556694090366364e+01
2.344662412256002426e+01
2.349977854639291763e+01
2.340136106312274933e+01
2.360646072775125504e+01
2.350808510184288025e+01
2.346281836926937103e+01
2.345820710808038712e+01
2.343226221203804016e+01
2.346568215638399124e+01
2.336672374606132507e+01
2.358470492064952850e+01
2.339260016381740570e+01
2.343053273111581802e+01
2.348183011263608932e+01
2.329132694005966187e+01
2.348055153340101242e+01
2.332748325914144516e+01
2.337925670295953751e+01
2.350698440521955490e+01
2.341231909394264221e+01
2.337877759337425232e+01
2.323345420509576797e+01
2.322976442426443100e+01
2.330287963151931763e+01
2.323204471915960312e+01
2.349100403487682343e+01
2.329634678363800049e+01
2.321141652017831802e+01
2.326161214709281921e+01
2.322973488271236420e+01
2.348697296530008316e+01
2.326958349347114563e+01
2.337889885157346725e+01
2.315130979567766190e+01
2.317298471927642822e+01
2.308614387363195419e+01
2.323214963823556900e+01
2.310838766396045685e+01
2.314208614826202393e+01
2.323760557919740677e+01
2.321534045785665512e+01
2.316429758071899414e+01
2.307254686206579208e+01
2.320213020592927933e+01
2.302664715796709061e+01
2.305190338939428329e+01
2.299390471726655960e+01
2.310426022857427597e+01
2.314062383770942688e+01
2.313087184727191925e+01
2.302509374171495438e+01
2.323802514374256134e+01
2.317823893576860428e+01
2.315355046093463898e+01
2.306484860926866531e+01
2.308103794604539871e+01
2.287682026624679565e+01
2.305737242847681046e+01
2.285419776290655136e+01
2.295125838369131088e+01
2.307068021595478058e+01
2.293660011142492294e+01
2.293222771584987640e+01
2.288351898640394211e+01
2.298505784571170807e+01
2.296008976548910141e+01
2.296307525038719177e+01
2.287144190818071365e+01
2.300078564137220383e+01
2.303798140585422516e+01
2.290987776219844818e+01
2.287561839818954468e+01
2.298887125402688980e+01
2.279704924672842026e+01
2.280857400596141815e+01
2.287442330271005630e+01
2.289241873472929001e+01
2.296424219012260437e+01
2.279623140394687653e+01
2.267453284561634064e+01
2.276041021198034286e+01
2.277253856509923935e+01
2.291652765125036240e+01
2.288533458113670349e+01
2.270494396984577179e+01
2.288591843843460083e+01
2.274233928322792053e+01
2.291610166430473328e+01
2.293332298845052719e+01
2.281012372672557831e+01
2.285009007900953293e+01
2.276312895119190216e+01
2.273601716756820679e+01
2.295523954927921295e+01
2.268335075676441193e+01
2.256532598286867142e+01
2.255035110563039780e+01
2.264089717715978622e+01
2.269618822634220123e+01
2.261790341138839722e+01
2.268115647882223129e+01
2.264170651137828827e+01
2.259812308102846146e+01
2.280699892342090607e+01
2.270385485887527466e+01
2.276383908092975616e+01
2.254138703644275665e+01
2.263760083168745041e+01
2.276052676141262054e+01
2.248813681304454803e+01
2.270506342500448227e+01
2.257111208885908127e+01
2.267910537868738174e+01
2.247113953530788422e+01
2.259538477659225464e+01
2.251014130562543869e+01
2.257012132555246353e+01
2.246888273209333420e+01
2.242562323063611984e+01
2.279943420737981796e+01
2.257933355122804642e+01
2.253544907271862030e+01
2.265772093832492828e+01
2.254940629750490189e+01
2.250388588756322861e+01
2.249574742466211319e+01
2.255361524224281311e+01
2.265149429440498352e+01
2.249674411118030548e+01
2.256821400672197342e+01
2.250812942534685135e+01
2.252916746586561203e+01
2.241201169788837433e+01
2.257127968966960907e+01
2.248150273412466049e+01
2.253701820224523544e+01
2.255445352941751480e+01
2.248426449298858643e+01
2.245160530507564545e+01
2.244077016413211823e+01
2.245249591022729874e+01
2.241083904355764389e+01
2.240672449022531509e+01
2.240649932622909546e+01
2.235541888326406479e+01
2.235296159982681274e+01
2.247290316224098206e+01
2.244962956756353378e+01
2.244032923877239227e+01
2.239581403136253357e+01
2.242171099781990051e+01
2.229068571329116821e+01
2.239341276884078979e+01
2.241326546669006348e+01
2.238377865403890610e+01
2.231808151304721832e+01
2.243337403982877731e+01
2.241257920861244202e+01
2.238684074580669403e+01
2.231485533714294434e+01
2.239571329206228256e+01
2.229596414417028427e+01
2.225146424025297165e+01
2.242132774740457535e+01
2.227276229113340378e+01
2.231172648072242737e+01
2.230016019940376282e+01
2.222711848467588425e+01
2.231269527226686478e+01
2.234553668648004532e+01
2.216971858590841293e+01
2.227046909928321838e+01
2.224802730977535248e+01
2.242018003016710281e+01
2.221842711418867111e+01
2.227540022134780884e+01
2.212325909733772278e+01
2.221866534650325775e+01
2.237747140228748322e+01
2.224788861721754074e+01
2.228012437373399734e+01
2.223583524674177170e+01
2.218020857125520706e+01
2.226376843452453613e+01
2.215410567820072174e+01
2.247486067563295364e+01
2.213501082360744476e+01
2.218266043066978455e+01
2.215106631815433502e+01
2.222423312067985535e+01
2.222656555473804474e+01
2.221695842593908310e+01
2.213853827118873596e+01
2.213541263341903687e+01
2.212732362747192383e+01
2.213742805272340775e+01
2.221336439996957779e+01
2.218014942109584808e+01
2.222283552587032318e+01
2.205232525616884232e+01
2.206834786385297775e+01
2.204160986840724945e+01
2.226752646267414093e+01
2.205462545901536942e+01
2.209208779036998749e+01
2.212034688144922256e+01
2.192170615494251251e+01
2.201097698509693146e+01
2.215533480793237686e+01
2.212912117689847946e+01
2.212491583824157715e+01
2.197738952189683914e+01
2.213390001654624939e+01
2.214204584062099457e+01
2.199874176830053329e+01
2.205699316412210464e+01
2.211038744449615479e+01
2.197121208906173706e+01
2.206345542520284653e+01
2.198188928514719009e+01
2.209982162714004517e+01
2.212781233340501785e+01
2.187804025411605835e+01
2.203255045413970947e+01
2.199106225371360779e+01
2.194215761125087738e+01
2.196552412956953049e+01
2.185970935225486755e+01
2.186507675796747208e+01
2.201066999882459641e+01
2.194466003030538559e+01
2.196611107140779495e+01
2.193776796758174896e+01
2.203560692816972733e+01
2.186975998431444168e+01
