5.676544810831546783e+01
3.374704991281032562e+01
3.291331934928894043e+01
3.178862007707357407e+01
3.055840481072664261e+01
2.946560879051685333e+01
2.862549949437379837e+01
2.785771718621253967e+01
2.725965996086597443e+01
2.663775543123483658e+01
2.618061023205518723e+01
2.575819211453199387e+01
2.541198379546403885e+01
2.500835140794515610e+01
2.401997917145490646e+01
2.345139179378747940e+01
2.283437359333038330e+01
2.241446511447429657e+01
2.191608314216136932e+01
2.143532581627368927e+01
2.091764397174119949e+01
2.035711008310317993e+01
1.991292103379964828e+01
1.950156546384096146e+01
1.908922033756971359e+01
1.859579022973775864e+01
1.847444561868906021e+01
1.823340852558612823e+01
1.811489774286746979e+01
1.820388596504926682e+01
1.804991672188043594e+01
1.781228026747703552e+01
1.781574603915214539e+01
1.740826905518770218e+01
1.744120467454195023e+01
1.708390227705240250e+01
1.687829122692346573e+01
1.667070610821247101e+01
1.656432491540908813e+01
1.661804446578025818e+01
1.641841216385364532e+01
1.629701069369912148e+01
1.619503276795148849e+01
1.610874293372035027e+01
1.593456157296895981e+01
1.590102723240852356e+01
1.579704518988728523e+01
1.560022853314876556e+01
1.560329373925924301e+01
1.547457724064588547e+01
1.544953144714236259e+01
1.536787139996886253e+01
1.527897221222519875e+01
1.517732040956616402e+01
1.527580976113677025e+01
1.503951023891568184e+01
1.505500426143407822e+01
1.498361410945653915e+01
1.493948098644614220e+01
1.484756503626704216e+01
1.482600770518183708e+01
1.476298819854855537e+01
1.472678482159972191e+01
1.463258500769734383e+01
1.464687553793191910e+01
1.458784520998597145e+01
1.456410475820302963e+01
1.456566597148776054e+01
1.444888034090399742e+01
1.443634215742349625e+01
1.441013045981526375e+01
1.428024194017052650e+01
1.429950180277228355e+01
1.440704290568828583e+01
1.423283721879124641e+01
1.421235784515738487e+01
1.421751976385712624e+01
1.419086053594946861e+01
1.420270742848515511e+01
1.419589757546782494e+01
1.419417527318000793e+01
1.416934916004538536e+01
1.425690573826432228e+01
1.420996793359518051e+01
1.401413897797465324e+01
1.412277353182435036e+01
1.412621583044528961e+01
1.410233509913086891e+01
1.401200171932578087e+01
1.403975827991962433e+01
1.388022899627685547e+01
1.392323885485529900e+01
1.390133707970380783e+01
1.399986635521054268e+01
1.396932005509734154e+01
1.398499677330255508e+01
1.393891347199678421e+01
1.385538809001445770e+01
1.383035929873585701e+01
1.405550614371895790e+01
