3.791947101423878783e-03
2.254311951423535604e-03
2.198618527006609199e-03
2.123488315101775166e-03
2.041309606594965929e-03
1.968310540448687564e-03
1.912191014988229775e-03
1.860902951650804165e-03
1.820952569196123859e-03
1.779409180443208794e-03
1.748871758988322428e-03
1.720654115867200663e-03
1.697527307646228478e-03
1.670564556308961604e-03
1.604541026817295039e-03
1.566559238061955919e-03
1.525342257403499184e-03
1.497292258815918244e-03
1.464000209897218987e-03
1.431885492069050799e-03
1.397304206529138230e-03
1.359860392992864441e-03
1.330188445811599819e-03
1.302709783823711434e-03
1.275165019209733609e-03
1.242203756161506991e-03
1.234097903720044083e-03
1.217996561495399274e-03
1.210080009543585203e-03
1.216024446563077326e-03
1.205739259978653131e-03
1.189865081327791310e-03
1.190096595801746560e-03
1.162877024394636145e-03
1.165077132567932583e-03
1.141209236944048166e-03
1.127474363855943042e-03
1.113607622459082940e-03
1.106501330354648554e-03
1.110089810673364026e-03
1.096754319562701736e-03
1.088644668917777012e-03
1.081832516229224318e-03
1.076068332245848358e-03
1.064432970806209649e-03
1.062192867896360896e-03
1.055246839671829381e-03
1.042099434412075212e-03
1.042304190999281469e-03
1.033705894498723136e-03
1.032032828800424993e-03
1.026577915829583265e-03
1.020639426334348518e-03
1.013849058755254828e-03
1.020428173756631352e-03
1.004643302532777635e-03
1.005678307377025826e-03
1.000909426149401487e-03
9.979613217398891883e-04
9.918213117078853499e-04
9.903812762312516615e-04
9.861715563492688338e-04
9.837531610955058299e-04
9.774605883565358911e-04
9.784151995946505434e-04
9.744719579148945158e-04
9.728860893923199984e-04
9.729903788568978595e-04
9.651890675286571228e-04
9.643515135219436199e-04
9.626005651179201034e-04
9.539239772993003729e-04
9.552105412673535939e-04
9.623943156772401955e-04
9.507573292445722435e-04
9.493893016137198125e-04
9.497341191621326735e-04
9.479532756145269377e-04
9.487446512014131687e-04
9.482897512002554834e-04
9.481747009472282989e-04
9.465163099562715890e-04
9.523651127765077979e-04
9.492296548827775654e-04
9.361482283216201105e-04
9.434050455460488366e-04
9.436349920137134147e-04
9.420397527809531166e-04
9.360054588727976773e-04
9.378596045370490896e-04
9.272030057633170487e-04
9.300760758086372036e-04
9.286130313763399022e-04
9.351948133073175210e-04
9.331543122977516277e-04
9.342015212626957228e-04
9.311231444219628421e-04
9.255436265874721459e-04
9.238716966423418404e-04
9.389115660466905953e-04
