1.286527916789054871e+02
6.365057876706123352e+01
5.332412764430046082e+01
5.104757262766361237e+01
4.976477335393428802e+01
4.899353086948394775e+01
4.862047322094440460e+01
4.829358384013175964e+01
4.802736915647983551e+01
4.766294229030609131e+01
4.736369468271732330e+01
4.698666796088218689e+01
4.672203575074672699e+01
4.647521074116230011e+01
4.612345580756664276e+01
4.578229258954524994e+01
4.547478932142257690e+01
4.528655678033828735e+01
4.491110828518867493e+01
4.471136814355850220e+01
4.431586185097694397e+01
4.392446462810039520e+01
4.361161865293979645e+01
4.325017143785953522e+01
4.299652813374996185e+01
4.264757950603961945e+01
4.226968415081501007e+01
4.192311488091945648e+01
4.174328972399234772e+01
4.135659338533878326e+01
4.103157006204128265e+01
4.093127243220806122e+01
4.064648897945880890e+01
4.040967853367328644e+01
4.016064557433128357e+01
3.987247802317142487e+01
3.970891168713569641e+01
3.943814769387245178e+01
3.927461044490337372e+01
3.911759807169437408e+01
3.884692569077014923e+01
3.874710696935653687e+01
3.855367079377174377e+01
3.839723031222820282e+01
3.807974395155906677e+01
3.784557829797267914e+01
3.773792777955532074e+01
3.756051468849182129e+01
3.742973934113979340e+01
3.719664652645587921e+01
3.698926082253456116e+01
3.679475715756416321e+01
3.683898138999938965e+01
3.655638502538204193e+01
3.642023479938507080e+01
3.634244254231452942e+01
3.618684265017509460e+01
3.594549028575420380e+01
3.575731098651885986e+01
3.557813671231269836e+01
3.552085176110267639e+01
3.541622474789619446e+01
3.523951730132102966e+01
3.505032336711883545e+01
3.487616440653800964e+01
3.479579778015613556e+01
3.470237214863300323e+01
3.465621665120124817e+01
3.451365485787391663e+01
3.436247126758098602e+01
3.433554610610008240e+01
3.425447469949722290e+01
3.438950558006763458e+01
3.417165750265121460e+01
3.454446668922901154e+01
3.447686930000782013e+01
3.458781105279922485e+01
3.477249792218208313e+01
3.476015530526638031e+01
3.471492503583431244e+01
3.453197737038135529e+01
3.467499759793281555e+01
3.447988067567348480e+01
3.438088229298591614e+01
3.424388819932937622e+01
3.404718054831027985e+01
3.412341925501823425e+01
3.382025700807571411e+01
3.403296841681003571e+01
3.385650579631328583e+01
3.353032800555229187e+01
3.350208485126495361e+01
3.339257177710533142e+01
3.317896190285682678e+01
3.310181966423988342e+01
3.307122369110584259e+01
3.315921556949615479e+01
3.282365518808364868e+01
3.272982077300548553e+01
3.267218405008316040e+01
3.265014359354972839e+01
3.280454666912555695e+01
3.239682599902153015e+01
3.248460306227207184e+01
3.240336625277996063e+01
3.217618717253208160e+01
3.222522023320198059e+01
3.217491334676742554e+01
3.210580289363861084e+01
3.196488395333290100e+01
3.181209187209606171e+01
3.183566240966320038e+01
3.156511126458644867e+01
3.168604877591133118e+01
3.156107702851295471e+01
3.153409808874130249e+01
3.133525027334690094e+01
3.143917897343635559e+01
3.113183040916919708e+01
3.118397113680839539e+01
3.120039218664169312e+01
3.136664955317974091e+01
3.109200140833854675e+01
3.101261669397354126e+01
3.118646888434886932e+01
3.100524093210697174e+01
3.081985654681921005e+01
3.104346439242362976e+01
3.098279002308845520e+01
3.095288753509521484e+01
3.077317944169044495e+01
3.112867909669876099e+01
3.079099376499652863e+01
3.064970425516366959e+01
3.072013968229293823e+01
3.064186297357082367e+01
3.073035711050033569e+01
3.067227402329444885e+01
3.068450394272804260e+01
3.060282296687364578e+01
3.061572240293025970e+01
3.059135673940181732e+01
3.065329453349113464e+01
3.046990054845809937e+01
3.057341925799846649e+01
3.050949007272720337e+01
3.040255050361156464e+01
3.041985850036144257e+01
3.036265965551137924e+01
3.021880435198545456e+01
3.033148112148046494e+01
3.033683822304010391e+01
3.059898854792118073e+01
3.035710714757442474e+01
3.018285720050334930e+01
3.020485403388738632e+01
3.015912380814552307e+01
3.024596354365348816e+01
3.022906962782144547e+01
3.014394704252481461e+01
3.023810882866382599e+01
3.026642058789730072e+01
3.028760442137718201e+01
3.028911018371582031e+01
2.999125972390174866e+01
3.014587331563234329e+01
3.002181306481361389e+01
3.000916323810815811e+01
3.006025947630405426e+01
3.005144941061735153e+01
2.996574035286903381e+01
3.002354124933481216e+01
3.002126838266849518e+01
2.995797473937273026e+01
3.001670246571302414e+01
2.982451606541872025e+01
2.986991954594850540e+01
3.003192003071308136e+01
2.987225587666034698e+01
2.978122603148221970e+01
2.995014783740043640e+01
3.002013848721981049e+01
2.983560124784708023e+01
2.985510917007923126e+01
2.965481816232204437e+01
2.966189929842948914e+01
2.989857020229101181e+01
2.991939195990562439e+01
2.978417462110519409e+01
2.965408691018819809e+01
2.973214278370141983e+01
2.966519854217767715e+01
2.963006214797496796e+01
2.964007851481437683e+01
2.971947539597749710e+01
2.959197843819856644e+01
2.974808011949062347e+01
2.967739054560661316e+01
2.947557415068149567e+01
2.962399414181709290e+01
2.959594660997390747e+01
2.962851588428020477e+01
2.962450265139341354e+01
2.951050414890050888e+01
2.943413612246513367e+01
2.943076390027999878e+01
2.959237952530384064e+01
2.942357692867517471e+01
2.951066640764474869e+01
2.934027770161628723e+01
2.961416285485029221e+01
2.956158697605133057e+01
2.957697229087352753e+01
2.961921226978302002e+01
2.934945616126060486e+01
2.940364074707031250e+01
2.934374295920133591e+01
2.942404010146856308e+01
2.941320019960403442e+01
2.942747592180967331e+01
2.929494291543960571e+01
2.939021433889865875e+01
2.927337477356195450e+01
2.915485654771327972e+01
2.927427121996879578e+01
2.933754038065671921e+01
2.930651746690273285e+01
2.925355177372694016e+01
2.922577614337205887e+01
2.918029721081256866e+01
2.917795282602310181e+01
2.922630657255649567e+01
2.916979199647903442e+01
2.920392812788486481e+01
2.930301495641469955e+01
2.909120502322912216e+01
2.907800955325365067e+01
2.919026725739240646e+01
2.920205131918191910e+01
2.914385596662759781e+01
2.908914116024971008e+01
2.899625576287508011e+01
2.919413789361715317e+01
2.906731047481298447e+01
2.910586915910243988e+01
2.913721217960119247e+01
2.918316127359867096e+01
2.906999970972537994e+01
2.900289800763130188e+01
2.903163000196218491e+01
2.897702193260192871e+01
2.900157491117715836e+01
2.902872667461633682e+01
2.902307061105966568e+01
2.895728863030672073e+01
2.903190177679061890e+01
2.891208186745643616e+01
2.895643635839223862e+01
2.902783224731683731e+01
2.911060876399278641e+01
2.904167070984840393e+01
2.900053481757640839e+01
2.881208162754774094e+01
2.892720994353294373e+01
2.885769793391227722e+01
2.878885179013013840e+01
2.877539530396461487e+01
2.877281610667705536e+01
2.880897996574640274e+01
2.881704816967248917e+01
2.881200544536113739e+01
2.900227411091327667e+01
2.894051319360733032e+01
2.887714916467666626e+01
2.882266408950090408e+01
2.879467765986919403e+01
2.878846281021833420e+01
2.881330070644617081e+01
2.880153404921293259e+01
2.868520337343215942e+01
2.872580934315919876e+01
2.888527972251176834e+01
2.886880684643983841e+01
2.855329640209674835e+01
2.859656528383493423e+01
2.878786323964595795e+01
2.877747418731451035e+01
2.880763311684131622e+01
2.873921743780374527e+01
2.879964033514261246e+01
2.869227106124162674e+01
2.867587348818778992e+01
2.863828576356172562e+01
2.863845475018024445e+01
2.871576229482889175e+01
2.857367223501205444e+01
2.853974127024412155e+01
2.866547445952892303e+01
2.858273477107286453e+01
2.874524559825658798e+01
2.861674108356237411e+01
2.856897594779729843e+01
2.873584576696157455e+01
2.855854038149118423e+01
2.874749539792537689e+01
2.846793196350336075e+01
2.869135482609272003e+01
2.860995468497276306e+01
2.856606138497591019e+01
2.854950322955846786e+01
2.847702278196811676e+01
2.865006434172391891e+01
2.841989725083112717e+01
2.855429890006780624e+01
2.842351227998733521e+01
2.850143536180257797e+01
2.855495140701532364e+01
2.854481594264507294e+01
2.845861999690532684e+01
2.860887461155653000e+01
2.851764673739671707e+01
2.840911541134119034e+01
2.843734437972307205e+01
2.851882879436016083e+01
2.840624314546585083e+01
2.845750828087329865e+01
2.835802938044071198e+01
2.843106695264577866e+01
2.845257168263196945e+01
2.829561219364404678e+01
2.829995340853929520e+01
2.831991674751043320e+01
2.842902230471372604e+01
2.837244655936956406e+01
2.848604571074247360e+01
2.840786146372556686e+01
2.837468274682760239e+01
2.826371984183788300e+01
2.837719787657260895e+01
2.854295955598354340e+01
2.844787860661745071e+01
2.838964913040399551e+01
2.825927218049764633e+01
2.845170905441045761e+01
2.829212214797735214e+01
2.834683755785226822e+01
2.819948012381792068e+01
2.823135522753000259e+01
2.826149478554725647e+01
2.832676684856414795e+01
2.829897958785295486e+01
2.838761613517999649e+01
2.830061020702123642e+01
2.824393377453088760e+01
2.826281062513589859e+01
2.838230874389410019e+01
2.830992085486650467e+01
2.830541084706783295e+01
2.834484758973121643e+01
2.827216370403766632e+01
2.815591381490230560e+01
2.833719518780708313e+01
2.843222422897815704e+01
2.819840994477272034e+01
2.842150222510099411e+01
2.826581563800573349e+01
2.819161730259656906e+01
2.820814812928438187e+01
2.830500103533267975e+01
2.845714740455150604e+01
2.821162495017051697e+01
2.813299115747213364e+01
2.836605454981327057e+01
2.806850093603134155e+01
2.826501099020242691e+01
2.807114372402429581e+01
2.821868585795164108e+01
2.806583609431982040e+01
2.809042424708604813e+01
2.816891819238662720e+01
2.823555599898099899e+01
2.813307847827672958e+01
2.811999149620532990e+01
2.823837533593177795e+01
2.808285026252269745e+01
2.827714853733778000e+01
2.808881368488073349e+01
2.814954753965139389e+01
2.809561090916395187e+01
2.805631283670663834e+01
2.793837825208902359e+01
2.814617007225751877e+01
2.819502734392881393e+01
2.813610635697841644e+01
2.836951201409101486e+01
2.801223311573266983e+01
2.804543603211641312e+01
2.802135434001684189e+01
2.806959755718708038e+01
2.805267634242773056e+01
2.810098870098590851e+01
2.804668524116277695e+01
2.796638871729373932e+01
2.810084220021963120e+01
2.803069399297237396e+01
2.793240272998809814e+01
2.797991190850734711e+01
2.805215397477149963e+01
2.790712764859199524e+01
2.804457555711269379e+01
2.818413212895393372e+01
2.797406892478466034e+01
2.811700963973999023e+01
2.784242653846740723e+01
2.793233055621385574e+01
2.791057331115007401e+01
2.795371373742818832e+01
2.800845902413129807e+01
2.789167578518390656e+01
2.794689274579286575e+01
2.792676591873168945e+01
2.791581644117832184e+01
2.793044482171535492e+01
2.790247123688459396e+01
2.802803238481283188e+01
2.787209109961986542e+01
2.792732891440391541e+01
2.786665607243776321e+01
2.796707740426063538e+01
2.782549075037240982e+01
2.782631396502256393e+01
2.792463396489620209e+01
2.786845504492521286e+01
2.781418053060770035e+01
2.786534645408391953e+01
2.786903296411037445e+01
2.787745083868503571e+01
2.777912215143442154e+01
2.785974474251270294e+01
2.782967198640108109e+01
2.785529939830303192e+01
2.781802828609943390e+01
2.769453548640012741e+01
2.780829309672117233e+01
2.786573728173971176e+01
2.778888600319623947e+01
2.782368811964988708e+01
2.775193286687135696e+01
2.783863138407468796e+01
2.779884627461433411e+01
2.787362875044345856e+01
2.777848774939775467e+01
2.787733621150255203e+01
2.778291449695825577e+01
2.764690912514925003e+01
2.791571327298879623e+01
2.782052577286958694e+01
2.776567772775888443e+01
2.771107149124145508e+01
2.804038228839635849e+01
2.777083019912242889e+01
2.777305748313665390e+01
2.769569522887468338e+01
2.780651675909757614e+01
2.763700349628925323e+01
2.768405269086360931e+01
2.768716561794281006e+01
2.776237622648477554e+01
2.775126748532056808e+01
2.776326797157526016e+01
2.776675891876220703e+01
2.766602252423763275e+01
2.768907520174980164e+01
2.768198941648006439e+01
2.766311154514551163e+01
2.770912471413612366e+01
2.770815318077802658e+01
2.766356768459081650e+01
2.771676031500101089e+01
2.768256592750549316e+01
2.778382477164268494e+01
2.769171237200498581e+01
2.759565637260675430e+01
2.755050335079431534e+01
2.764236824214458466e+01
2.759103801846504211e+01
2.761687485128641129e+01
2.770284372568130493e+01
2.765260552614927292e+01
2.765951294451951981e+01
2.762089554965496063e+01
2.759034926444292068e+01
2.773189011216163635e+01
2.760751830041408539e+01
2.771390093863010406e+01
2.744071029871702194e+01
2.761961199343204498e+01
2.751915488392114639e+01
2.761447726935148239e+01
2.763644555956125259e+01
