9.572380333251896689e-03
4.735906158263484579e-03
3.967569021153308055e-03
3.798182487177352053e-03
3.702736112643920108e-03
3.645351999217555719e-03
3.617594733701220457e-03
3.593272607152660832e-03
3.573464966999987617e-03
3.546349872790631724e-03
3.524084425797419703e-03
3.496031842327543791e-03
3.476341945740083882e-03
3.457976989669814174e-03
3.431804747586803764e-03
3.406420579579259866e-03
3.383540872129655805e-03
3.369535474727550998e-03
3.341600318838443186e-03
3.326738701157626842e-03
3.297311149626260852e-03
3.268189332447946245e-03
3.244912102153258478e-03
3.218018708174072776e-03
3.199146438523062849e-03
3.173182998961281403e-03
3.145065785030878684e-03
3.119279381020793017e-03
3.105899533035144742e-03
3.077127484028183233e-03
3.052944201044738293e-03
3.045481579777385445e-03
3.024292334781161166e-03
3.006672509945928964e-03
2.988143271899649026e-03
2.966702233866921369e-03
2.954532119578549051e-03
2.934385989127414381e-03
2.922218039055310499e-03
2.910535570810593355e-03
2.890396256753731494e-03
2.882969268553313685e-03
2.868576695965159486e-03
2.856936779183646014e-03
2.833314282110049702e-03
2.815891242408681289e-03
2.807881531216913692e-03
2.794681152417546281e-03
2.784950843834805862e-03
2.767607628456538599e-03
2.752177144533821725e-03
2.737705145652095419e-03
2.740995639136859299e-03
2.719969123912354368e-03
2.709838898763770008e-03
2.704050784398402511e-03
2.692473411471361239e-03
2.674515646261473294e-03
2.660514210306462891e-03
2.647182791094694621e-03
2.642920517939187190e-03
2.635135769932752357e-03
2.621987894443528894e-03
2.607910964815389650e-03
2.594952708819792554e-03
2.588973049118759896e-03
2.582021737249479230e-03
2.578587548452473781e-03
2.567980272163237782e-03
2.556731493123585389e-03
2.554728132894351373e-03
2.548696034188781614e-03
2.558742974707413440e-03
2.542534040375834560e-03
2.570272819139063185e-03
2.565243251488677143e-03
2.573497846190418627e-03
2.587239428733785745e-03
2.586321079260891186e-03
2.582955731832910305e-03
2.569343554343850745e-03
2.579984940322382035e-03
2.565467312178086861e-03
2.558101361085261642e-03
2.547908348164388149e-03
2.533272362225467110e-03
2.538944885045999605e-03
2.516388170243728881e-03
2.532214911965032216e-03
2.519085252701881456e-03
2.494816071841688375e-03
2.492714646671499376e-03
2.484566352463194166e-03
2.468672760629228320e-03
2.462933010732133981e-03
2.460656524635851557e-03
2.467203539397035128e-03
2.442236249113366627e-03
2.435254521801003425e-03
2.430966075154996926e-03
2.429326160234354746e-03
2.440814484309937124e-03
2.410478124927197246e-03
2.417009156419052968e-03
2.410964750950889829e-03
2.394061545575303530e-03
2.397709838779909283e-03
2.393966766872576268e-03
2.388824620062396722e-03
2.378339579861079005e-03
2.366971121435718951e-03
2.368724881671369163e-03
2.348594588138872528e-03
2.357592914874355027e-03
2.348294421764356849e-03
2.346287060174204013e-03
2.331491835814501583e-03
2.339224625999729041e-03
2.316356429253660712e-03
2.320235947679195887e-03
2.321457751982268849e-03
2.333828091754445219e-03
2.313392961929951544e-03
2.307486361158745791e-03
2.320421791990243381e-03
2.306937569353197191e-03
2.293144088305000897e-03
2.309781576817234502e-03
2.305267114813129223e-03
2.303042227313632263e-03
2.289671089411491299e-03
2.316121956599610267e-03
2.290996559895575220e-03
2.280483947556820584e-03
2.285724678742034194e-03
2.279900518866876617e-03
2.286484904055084352e-03
2.282163245780836902e-03
2.283073210024408068e-03
2.276995756463813005e-03
2.277955535932311027e-03
2.276142614538825739e-03
2.280751081360947626e-03
2.267105695569798969e-03
2.274807980505838198e-03
2.270051344696964474e-03
2.262094531518717578e-03
2.263382328895940845e-03
2.259126462463644392e-03
2.248422942856060508e-03
2.256806631062534783e-03
2.257205224928579210e-03
2.276710457434611822e-03
2.258713329432620806e-03
2.245748303608880326e-03
2.247384972759478277e-03
2.243982426201303684e-03
2.250443716045646362e-03
2.249186728260524175e-03
2.242853202568810631e-03
2.249859287847010871e-03
2.251965817551882399e-03
2.253541995638182974e-03
2.253654031526474907e-03
2.231492538980784767e-03
2.242996526460739725e-03
2.233765853036727162e-03
2.232824645692571466e-03
2.236626449129765735e-03
2.235970938289981620e-03
2.229593776255136325e-03
2.233894438194554584e-03
2.233725326091405821e-03
2.229015977631899469e-03
2.233385600127457335e-03
2.219086016772226291e-03
2.222464251930692403e-03
2.234517859428056599e-03
2.222638086061037507e-03
2.215865032104331802e-03
2.228433618854198939e-03
2.233641256489569352e-03
2.219910807131479126e-03
2.221362289440418844e-03
2.206459684696580707e-03
2.206986554942670133e-03
2.224595997194271819e-03
2.226145235112025455e-03
2.216084421213184233e-03
2.206405276055669468e-03
2.212213004739688876e-03
2.207232034388220080e-03
2.204617719343375526e-03
2.205362984733212715e-03
2.211270490772135160e-03
2.201784109985012450e-03
2.213398818414480818e-03
2.208139177500492191e-03
2.193123076687611070e-03
2.204166230789962252e-03
2.202079360861153908e-03
2.204502669961324809e-03
2.204204066323914649e-03
2.195722034888430898e-03
2.190039890064370259e-03
2.189788980675595222e-03
2.201813952775583203e-03
2.189254235764521907e-03
2.195734107711662907e-03
2.183056376608354804e-03
2.203434736223979992e-03
2.199522840480009570e-03
2.200667581166184956e-03
2.203810436739808004e-03
2.183739297712842739e-03
2.187770888918921883e-03
2.183314208273908971e-03
2.189288698025934968e-03
2.188482157708633320e-03
2.189544339420362775e-03
2.179683252636875363e-03
2.186771900215673820e-03
2.178078480175740708e-03
2.169260159800095143e-03
2.178145180057202042e-03
2.182852706894101297e-03
2.180544454382643896e-03
2.176603554592778430e-03
2.174536915429468691e-03
2.171153066280696962e-03
2.170978632888623510e-03
2.174576381886643948e-03
2.170371428309452073e-03
2.172911319039052581e-03
2.180283850923712876e-03
2.164524183275976562e-03
2.163542377474229894e-03
2.171894885222649257e-03
2.172771675534368886e-03
2.168441664183601032e-03
2.164370622042389048e-03
2.157459506166300740e-03
2.172182878989371672e-03
2.162746315090251746e-03
2.165615264814169799e-03
2.167947334791755446e-03
2.171366166190377093e-03
2.162946406973614757e-03
2.157953720805900425e-03
2.160091518003138915e-03
2.156028417604310011e-03
2.157855276129252899e-03
2.159875496623239396e-03
2.159454658560986881e-03
2.154560165945440357e-03
2.160111739344540167e-03
2.151196567519080092e-03
2.154496752856565386e-03
2.159808946972978805e-03
2.165967913987558360e-03
2.160838594482768129e-03
2.157777888212530481e-03
2.143756073478254431e-03
2.152322168417629585e-03
2.147150143892282651e-03
2.142027662956111356e-03
2.141026436306891090e-03
2.140834531746804888e-03
2.143525295070416743e-03
2.144125607862536545e-03
2.143750405160798830e-03
2.157907299919142614e-03
2.153311993571974028e-03
2.148597408086061391e-03
2.144543459040245976e-03
2.142461135406933948e-03
2.141998720998388155e-03
2.143846778753435468e-03
2.142971283423581504e-03
2.134315727189892847e-03
2.137337004699345084e-03
2.149202360305935058e-03
2.147976699883916672e-03
2.124501220394103135e-03
2.127720631237718391e-03
2.141954110092705085e-03
2.141181115127567883e-03
2.143425083098312103e-03
2.138334630788969216e-03
2.142830382079063348e-03
2.134841596818573464e-03
2.133621539299686547e-03
2.130824833598342610e-03
2.130837407007458561e-03
2.136589456460483063e-03
2.126017279390777885e-03
2.123492654036020916e-03
2.132847802048283038e-03
2.126691575228635556e-03
2.138783154632186399e-03
2.129221806812676716e-03
2.125667853258727483e-03
2.138083762422736313e-03
2.124891397432379821e-03
2.138950550440876178e-03
2.118149699665428619e-03
2.134773424560470079e-03
2.128716866441425666e-03
2.125450995905945901e-03
2.124218990294528871e-03
2.118826099848818319e-03
2.131701215902077201e-03
2.114575688305887595e-03
2.124575811016949853e-03
2.114844663689533725e-03
2.120642512038882488e-03
2.124624360641021257e-03
2.123870233827758296e-03
2.117456845007836905e-03
2.128636503836051162e-03
2.121848715580112923e-03
2.113773468105743184e-03
2.115873837777014314e-03
2.121936666247035887e-03
2.113559757847161425e-03
2.117374128041167938e-03
2.109972424139934001e-03
2.115406767309953653e-03
2.117006821624402464e-03
2.105328288217563158e-03
2.105651295278221195e-03
2.107136662761193054e-03
2.115254635767390128e-03
2.111045130905473723e-03
2.119497448715957754e-03
2.113680168431961680e-03
2.111211513900863260e-03
2.102955345374842543e-03
2.111398651530700058e-03
2.123732109820204283e-03
2.116657634420941216e-03
2.112325084107440163e-03
2.102624418191789343e-03
2.116942637976968692e-03
2.105068612200695823e-03
2.109139699244960437e-03
2.098175604450738026e-03
2.100547263953125333e-03
2.102789790591313643e-03
2.107646342899118300e-03
2.105578838381916285e-03
2.112173819581844841e-03
2.105700164212889660e-03
2.101483167747833763e-03
2.102887695322611453e-03
2.111778924396882310e-03
2.106392920748996044e-03
2.106057354692547189e-03
2.108991636140715355e-03
2.103583608931374090e-03
2.094934063608802372e-03
2.108422260997550816e-03
2.115492874179922527e-03
2.098095978033684764e-03
2.114695106034300033e-03
2.103111282589712437e-03
2.097590573109863691e-03
2.098820545333659245e-03
2.106026862747967243e-03
2.117347277124368050e-03
2.099079237363877908e-03
2.093228508740486299e-03
2.110569534956344487e-03
2.088430129168998475e-03
2.103051412961489969e-03
2.088626765180379239e-03
2.099604602526163651e-03
2.088231852255938853e-03
2.090061327908188278e-03
2.095901651219243302e-03
2.100859821352752798e-03
2.093235005824161613e-03
2.092261272039087211e-03
2.101069593447304866e-03
2.089497787390081577e-03
2.103954504266203774e-03
2.089941494410768943e-03
2.094460382414538215e-03
2.090447240265174995e-03
2.087523276540672289e-03
2.078748381851861816e-03
2.094209082757255997e-03
2.097844296423274999e-03
2.093460294418036938e-03
2.110826786762724522e-03
2.084243535396775905e-03
2.086713990484852146e-03
2.084922197917919804e-03
2.088511723004991306e-03
2.087252704049682214e-03
2.090847373585261095e-03
2.086806937586516315e-03
2.080832493846260234e-03
2.090836473230627424e-03
2.085617112572349125e-03
2.078303774552685973e-03
2.081838683668701430e-03
2.087213837408593512e-03
2.076423188139285385e-03
2.086649967047075546e-03
2.097033640547167708e-03
2.081403937856001526e-03
2.092039407718749352e-03
2.071609117445491564e-03
2.078298404480197724e-03
2.076679561841523504e-03
2.079889414987216596e-03
2.083962725009769201e-03
2.075273495921421425e-03
2.079381900728635713e-03
2.077884368953250658e-03
2.077069675682911062e-03
2.078158096853821059e-03
2.076076728934865643e-03
2.085419076250954584e-03
2.073816302055049403e-03
2.077926258512195930e-03
2.073411910151619266e-03
2.080883735436059225e-03
2.070349014164613900e-03
2.070410265254655005e-03
2.077725741435729537e-03
2.073545762271221393e-03
2.069507479955929978e-03
2.073314468309815552e-03
2.073588762210593160e-03
2.074215092164065355e-03
2.066898969600775276e-03
2.072897674294099917e-03
2.070660118035794889e-03
2.072566919516594455e-03
2.069793771287160335e-03
2.060605318928581103e-03
2.069069426839373078e-03
2.073343547748490289e-03
2.067625446666387055e-03
2.070214889854902346e-03
2.064875957356499935e-03
2.071326739886509335e-03
2.068366538289756820e-03
2.073930710598471429e-03
2.066851767068285384e-03
2.074206563355844492e-03
2.067181138166536772e-03
2.057061690859319190e-03
2.077061999478333268e-03
2.069979596195653613e-03
2.065898640458250276e-03
2.061835676431656057e-03
2.086337967886633862e-03
2.066282008863276013e-03
2.066447729400048509e-03
2.060691609291270994e-03
2.068937258861426945e-03
2.056324664902474224e-03
2.059825349022589847e-03
2.060056965620744602e-03
2.065652993042022163e-03
2.064826449800637349e-03
2.065719343123159375e-03
2.065979086217426333e-03
2.058483818767681099e-03
2.060199047749241164e-03
2.059671831583338112e-03
2.058267228061422087e-03
2.061690826944652215e-03
2.061618540236460472e-03
2.058301167008245135e-03
2.062258952009003721e-03
2.059714726748920408e-03
2.067248866937699842e-03
2.060395265774180463e-03
2.053248242009431297e-03
2.049888642172196206e-03
2.056723827540519502e-03
2.052904614469125248e-03
2.054826997863572202e-03
2.061223491494144910e-03
2.057485530219439925e-03
2.057999475038654706e-03
2.055126156968374931e-03
2.052853367890098476e-03
2.063384680964407396e-03
2.054130825923667063e-03
2.062046200790930428e-03
2.041719516273588116e-03
2.055030654273217426e-03
2.047556166958418734e-03
2.054648606350556635e-03
2.056283151753069208e-03
