5.454380494356155396e+01
3.527061818540096283e+01
3.402172406017780304e+01
3.306992439925670624e+01
3.261286516487598419e+01
3.225031799077987671e+01
3.193315965682268143e+01
3.160782122611999512e+01
3.120652067661285400e+01
3.089613830298185349e+01
3.042727384716272354e+01
3.005938165634870529e+01
2.969938772916793823e+01
2.941502490639686584e+01
2.906246896088123322e+01
2.863267131894826889e+01
2.846133370697498322e+01
2.800251211225986481e+01
2.772049813717603683e+01
2.749002681672573090e+01
2.718245945125818253e+01
2.684447043389081955e+01
2.665481119602918625e+01
2.646566338092088699e+01
2.615009605884552002e+01
2.591865793615579605e+01
2.570567987859249115e+01
2.548798367381095886e+01
2.531380188465118408e+01
2.503492292761802673e+01
2.487516255676746368e+01
2.470505539327859879e+01
2.442401971668004990e+01
2.413008294999599457e+01
2.398921688646078110e+01
2.379254885017871857e+01
2.361712147295475006e+01
2.341131607443094254e+01
2.318776283413171768e+01
2.286711336672306061e+01
2.263359705358743668e+01
2.232358464598655701e+01
2.211716280132532120e+01
2.194671947509050369e+01
2.173791939020156860e+01
2.146948324143886566e+01
2.127836816012859344e+01
2.114345437288284302e+01
2.091524830460548401e+01
2.079576983302831650e+01
2.062263792753219604e+01
2.045902530103921890e+01
2.036226570606231689e+01
2.019719252735376358e+01
2.006960735470056534e+01
1.987318503856658936e+01
1.967888788878917694e+01
1.956055111438035965e+01
1.939230553805828094e+01
1.925014059990644455e+01
1.920809897035360336e+01
1.915589844435453415e+01
1.894008958339691162e+01
1.882290826737880707e+01
1.868099461495876312e+01
1.849686396121978760e+01
1.840453685820102692e+01
1.846751213818788528e+01
1.822443482279777527e+01
1.801937159895896912e+01
1.781177128851413727e+01
1.772748024761676788e+01
1.769233872741460800e+01
1.748647148907184601e+01
1.731809417903423309e+01
1.729276014864444733e+01
1.715073270350694656e+01
1.700747835636138916e+01
1.699453749507665634e+01
1.672957265004515648e+01
1.675517429411411285e+01
1.664180822670459747e+01
1.649217031151056290e+01
1.645766247808933258e+01
1.633867173641920090e+01
1.641846216470003128e+01
1.624270944297313690e+01
1.611884640902280807e+01
1.610490547493100166e+01
1.614995032176375389e+01
1.601854664832353592e+01
1.587567602843046188e+01
1.583201111480593681e+01
1.571639744937419891e+01
1.567524887621402740e+01
1.571622103825211525e+01
1.554511147737503052e+01
1.552482458204030991e+01
1.542327115312218666e+01
1.537700065970420837e+01
