3.643540744392889576e-03
2.356086719131660762e-03
2.272660257860908539e-03
2.209079786189492925e-03
2.178548107206144772e-03
2.154329859103532203e-03
2.133143597650145624e-03
2.111410903548429849e-03
2.084603919613417077e-03
2.063870294120364116e-03
2.032550023190562907e-03
2.007974726542999851e-03
1.983927036016562475e-03
1.964931523473404437e-03
1.941380692109634723e-03
1.912670094786123607e-03
1.901224696524715044e-03
1.870575291400124488e-03
1.851736682510089337e-03
1.836341136721825716e-03
1.815795554526264790e-03
1.793217797855098123e-03
1.780548510088790070e-03
1.767913385499057235e-03
1.746833404064497075e-03
1.731373275628309699e-03
1.717146284475116330e-03
1.702604119827051416e-03
1.690968729769618158e-03
1.672339540923047790e-03
1.661667505462088336e-03
1.650304301488216344e-03
1.631531043198400019e-03
1.611895988643687007e-03
1.602486097959971920e-03
1.589348620586420770e-03
1.577630024913476885e-03
1.563882169300664145e-03
1.548948753115011187e-03
1.527529283014232402e-03
1.511930330900964270e-03
1.491221419237578937e-03
1.477432384858070854e-03
1.466046725122946209e-03
1.452098823660759363e-03
1.434167217196985087e-03
1.421400678699304837e-03
1.412388401662180611e-03
1.397144175324347608e-03
1.389162981498217545e-03
1.377597723950046548e-03
1.366668356782846892e-03
1.360204789984122663e-03
1.349177857538661623e-03
1.340655133914533384e-03
1.327534070712531105e-03
1.314554969190993849e-03
1.306650041040772255e-03
1.295411191587059587e-03
1.285914535731893507e-03
1.283106143644195283e-03
1.279619134559421183e-03
1.265203044983093539e-03
1.257375301762111422e-03
1.247895431860972714e-03
1.235595454991301719e-03
1.229427979839747918e-03
1.233634745369932171e-03
1.217397115751354302e-03
1.203698837605809589e-03
1.189831081397069992e-03
1.184200417342469447e-03
1.181852954403113344e-03
1.168100967873870718e-03
1.156853318572761058e-03
1.155160998573443462e-03
1.145673527288373168e-03
1.136104098621335250e-03
1.135239645629703255e-03
1.117539923182709173e-03
1.119250119847302024e-03
1.111677236252812170e-03
1.101681383534439639e-03
1.099376251041371500e-03
1.091427637703353513e-03
1.096757659632600565e-03
1.085017330859929050e-03
1.076743247095711961e-03
1.075811988973346877e-03
1.078820996777805777e-03
1.070043196280797294e-03
1.060499400696757579e-03
1.057582572799327771e-03
1.049859549056392791e-03
1.047110813374350479e-03
1.049847764746300377e-03
1.038417600359053516e-03
1.037062430330014081e-03
1.030278634143098632e-03
1.027187752819252401e-03
