5.294670799374580383e+01
3.479069299995899200e+01
3.341352881491184235e+01
3.241372524946928024e+01
3.137964016944169998e+01
3.057737481594085693e+01
3.000195622444152832e+01
2.941645111143589020e+01
2.872190910577774048e+01
2.777349991351366043e+01
2.710384041815996170e+01
2.642154788225889206e+01
2.582464227080345154e+01
2.542546366155147552e+01
2.475053761899471283e+01
2.435962934792041779e+01
2.380336913466453552e+01
2.330959869921207428e+01
2.268539180606603622e+01
2.212813507020473480e+01
2.156948839873075485e+01
2.104647830128669739e+01
2.048172049969434738e+01
2.001613342016935349e+01
1.962437627464532852e+01
1.921097642183303833e+01
1.897548239678144455e+01
1.867141281813383102e+01
1.841852109879255295e+01
1.835824346542358398e+01
1.805663185566663742e+01
1.781855867803096771e+01
1.761921671777963638e+01
1.749773254990577698e+01
1.722385119646787643e+01
1.698559710383415222e+01
1.685157871991395950e+01
1.673702109605073929e+01
1.655325021594762802e+01
1.642606581002473831e+01
1.646898478269577026e+01
1.607800035923719406e+01
1.583812695369124413e+01
1.591119009256362915e+01
1.574714831635355949e+01
1.557066372409462929e+01
1.551613706350326538e+01
1.545394009351730347e+01
1.533763738721609116e+01
1.513349142670631409e+01
1.511404002457857132e+01
1.509048716351389885e+01
1.491129098832607269e+01
1.489005329832434654e+01
1.487546817585825920e+01
1.480502898618578911e+01
1.483648949488997459e+01
1.456231756880879402e+01
1.456765918433666229e+01
1.450761299207806587e+01
1.438837745413184166e+01
1.421480161696672440e+01
1.425927441567182541e+01
1.434190460294485092e+01
1.408313555642962456e+01
1.417389702424407005e+01
1.414646215736865997e+01
1.393319125473499298e+01
1.392000146582722664e+01
1.399682329595088959e+01
1.393174892663955688e+01
1.373055601492524147e+01
1.367941452562808990e+01
1.372222203388810158e+01
1.357697704061865807e+01
1.351861086487770081e+01
1.344377566874027252e+01
1.339999100193381310e+01
1.339149344712495804e+01
1.343721465021371841e+01
1.333659856021404266e+01
1.322494099289178848e+01
1.320008883252739906e+01
1.338568773493170738e+01
1.324114853888750076e+01
1.315743609517812729e+01
1.305108463019132614e+01
1.309695323929190636e+01
1.302176036313176155e+01
1.304565522447228432e+01
1.301042451336979866e+01
1.290700976550579071e+01
1.286388964578509331e+01
1.303521846979856491e+01
1.289494508877396584e+01
1.286163965985178947e+01
1.273002008348703384e+01
1.282159910723567009e+01
1.270130085200071335e+01
1.270089102163910866e+01
