3.536854241399185229e-03
2.324027588507614813e-03
2.232032652966722906e-03
2.165245507646578523e-03
2.096168347992097628e-03
2.042576808012081229e-03
2.004138692347463575e-03
1.965026794351094810e-03
1.918631202790764285e-03
1.855277215331573764e-03
1.810543782108213874e-03
1.764966458400727507e-03
1.725093004061686777e-03
1.698427766302703767e-03
1.653342526318952099e-03
1.627229749360081367e-03
1.590071418481264808e-03
1.557087421457052385e-03
1.515390234206148105e-03
1.478165335351017606e-03
1.440847588425568128e-03
1.405910374167448126e-03
1.368184402117190827e-03
1.337083060799555906e-03
1.310913578800623237e-03
1.283298358171879733e-03
1.267567294374178071e-03
1.247255365272801004e-03
1.230362130847865998e-03
1.226335568832570729e-03
1.206187832709862276e-03
1.190284480830391999e-03
1.176968384621218146e-03
1.168853209746544865e-03
1.150557862155502774e-03
1.134642425105821797e-03
1.125689961250097562e-03
1.118037481366114831e-03
1.105761537471451486e-03
1.097265585171993156e-03
1.100132584014413412e-03
1.074014720055924696e-03
1.057991112471024994e-03
1.062871749670249010e-03
1.051913715187278563e-03
1.040124497267510282e-03
1.036482101770425232e-03
1.032327327556266166e-03
1.024558275699137631e-03
1.010921270989065734e-03
1.009621912129496975e-03
1.008048574717027327e-03
9.960782223330710752e-04
9.946595389662222977e-04
9.936852488883272765e-04
9.889798921967794202e-04
9.910814625845006456e-04
9.727667046632460651e-04
9.731235260077930951e-04
9.691124243205120501e-04
9.611474585258410804e-04
9.495525462235620325e-04
9.525233410602421558e-04
9.580430596489546147e-04
9.407572181983716621e-04
9.468201084999378937e-04
9.449874520620347215e-04
9.307408987798926293e-04
9.298598173565281655e-04
9.349915361356640016e-04
9.306445508777259250e-04
9.172048106162486274e-04
9.137885454661383083e-04
9.166480984561189592e-04
9.069456940961027891e-04
9.030468179611022932e-04
8.980478068630776698e-04
8.951229794210963488e-04
8.945553404893091679e-04
8.976095290723927261e-04
8.908883473756875129e-04
8.834295920435396559e-04
8.817694610906746683e-04
8.941675173635074692e-04
8.845122604467268524e-04
8.789202468388862934e-04
8.718159405605428215e-04
8.748799759046029618e-04
8.698570716854884134e-04
8.714532548077677737e-04
8.690998338924380874e-04
8.621917011025912380e-04
8.593112655835065481e-04
8.707560768068513344e-04
8.613857774732108048e-04
8.591609659219632709e-04
8.503687430519060297e-04
8.564862463083279531e-04
8.484502907148105651e-04
8.484229139371482270e-04
