6.478478762507438660e+01
4.886220994591712952e+01
4.835781012475490570e+01
4.766909962892532349e+01
4.702050517499446869e+01
4.635366000235080719e+01
4.588135014474391937e+01
4.534442694485187531e+01
4.487257263064384460e+01
4.436464500427246094e+01
4.398424214124679565e+01
4.350925633311271667e+01
4.305007150769233704e+01
4.256009592115879059e+01
4.211239539086818695e+01
4.162654790282249451e+01
4.117127692699432373e+01
4.074875532090663910e+01
4.040445719659328461e+01
4.009286032617092133e+01
3.977579042315483093e+01
3.954702249169349670e+01
3.914054819941520691e+01
3.893257482349872589e+01
3.856113189458847046e+01
3.826951572299003601e+01
3.811960478127002716e+01
3.782380227744579315e+01
3.744150955975055695e+01
3.727820600569248199e+01
3.699330914020538330e+01
3.657545635104179382e+01
3.641922600567340851e+01
3.627296070754528046e+01
3.609449994564056396e+01
3.576043623685836792e+01
3.568429182469844818e+01
3.523685519397258759e+01
3.511838091909885406e+01
3.482251895964145660e+01
3.454996412992477417e+01
3.422270925343036652e+01
3.422496709227561951e+01
3.399871142208576202e+01
3.368915610015392303e+01
3.338525933027267456e+01
3.333671052753925323e+01
3.304290743172168732e+01
3.297400040924549103e+01
3.255898199975490570e+01
3.236652991175651550e+01
3.222936560213565826e+01
3.207127182185649872e+01
3.194201672077178955e+01
3.166914869844913483e+01
3.156949713826179504e+01
3.148837074637413025e+01
3.113472522795200348e+01
3.112418842315673828e+01
3.122767624258995056e+01
3.093614716827869415e+01
3.059287177026271820e+01
3.054491072893142700e+01
3.045265391469001770e+01
3.028052235394716263e+01
3.004284340143203735e+01
3.009341786801815033e+01
2.996423742175102234e+01
3.001764769852161407e+01
2.992724868655204773e+01
2.975103190541267395e+01
2.976808405667543411e+01
2.981886207312345505e+01
2.960272727906703949e+01
2.987134309113025665e+01
2.985987868905067444e+01
2.995392163842916489e+01
3.014726331830024719e+01
3.016981530189514160e+01
3.017846874892711639e+01
3.017710924148559570e+01
3.019816153496503830e+01
2.984649665653705597e+01
2.964429005980491638e+01
2.952158952504396439e+01
2.966742767393589020e+01
2.957688424736261368e+01
2.944132344424724579e+01
2.923988114297389984e+01
2.936679769307374954e+01
2.904209817200899124e+01
2.922166508436203003e+01
2.892611882835626602e+01
2.876798640936613083e+01
2.859961161762475967e+01
2.851760186254978180e+01
2.849654730409383774e+01
2.851814184337854385e+01
2.816835681349039078e+01
2.831173231452703476e+01
