4.820296698294225350e-03
3.635581097166452978e-03
3.598051348568073390e-03
3.546808008104562846e-03
3.498549492187088498e-03
3.448933035889196943e-03
3.413790933388684366e-03
3.373841290539573989e-03
3.338733082637190906e-03
3.300940848532177285e-03
3.272637064080862693e-03
3.237295858118505783e-03
3.203130320512822659e-03
3.166673803657648299e-03
3.133362752296740307e-03
3.097213385626673525e-03
3.063339057068029982e-03
3.031901437567458436e-03
3.006284017603666914e-03
2.983099726649622325e-03
2.959508216008543968e-03
2.942486792536718344e-03
2.912243169599345542e-03
2.896768960081750298e-03
2.869131837394975435e-03
2.847434205579615647e-03
2.836280117654019824e-03
2.814271002786145146e-03
2.785826604148106903e-03
2.773676042090214219e-03
2.752478358646233848e-03
2.721388121357276157e-03
2.709763839707842771e-03
2.698881005025690564e-03
2.685602674526827664e-03
2.660746743813866694e-03
2.655081236956729953e-03
2.621789820980103148e-03
2.612974770766283809e-03
2.590961232116179708e-03
2.570681854905117192e-03
2.546332533737378622e-03
2.546500527699079031e-03
2.529666028429000332e-03
2.506633638404309750e-03
2.484022271597669061e-03
2.480410009489527820e-03
2.458549660098339681e-03
2.453422649497432207e-03
2.422543303553192223e-03
2.408223951767598028e-03
2.398018273968426962e-03
2.386255343888132267e-03
2.376638148866948644e-03
2.356335468634608316e-03
2.348920918025431282e-03
2.342884728152837010e-03
2.316571817555952532e-03
2.315787829103924111e-03
2.323487815668895222e-03
2.301796664306450611e-03
2.276255340049309489e-03
2.272686810188350327e-03
2.265822463890626234e-03
2.253015056097258922e-03
2.235330610225598133e-03
2.239093591370398123e-03
2.229481951023141485e-03
2.233455929949525014e-03
2.226729812987503481e-03
2.213618445343205118e-03
2.214887206597874678e-03
2.218665332821685449e-03
2.202583874930583423e-03
2.222570170471001132e-03
2.221717164363889475e-03
2.228714407621217725e-03
2.243099949278292392e-03
2.244777924248150553e-03
2.245421781914220052e-03
2.245320628086725726e-03
2.246887018970612770e-03
2.220721477420911985e-03
2.205676343735484685e-03
2.196546839661009300e-03
2.207397892405944112e-03
2.200661030309718300e-03
2.190574661030301063e-03
2.175586394566510293e-03
2.185029590258463425e-03
2.160870399703049803e-03
2.174231033062651135e-03
2.152240984252698150e-03
2.140475179268313492e-03
2.127947292978032718e-03
2.121845376677811146e-03
2.120278817268886860e-03
2.121885553822808364e-03
2.095859881956130353e-03
2.106527701973737784e-03
