6.628314967453479767e+01
4.878840231895446777e+01
4.809778352081775665e+01
4.742680294811725616e+01
4.672199994325637817e+01
4.622825877368450165e+01
4.563239319622516632e+01
4.517691549658775330e+01
4.465135933458805084e+01
4.417014808952808380e+01
4.382351909577846527e+01
4.343624243140220642e+01
4.311320984363555908e+01
4.258826777338981628e+01
4.227705195546150208e+01
4.183305461704730988e+01
4.149788190424442291e+01
4.105298802256584167e+01
4.083731816709041595e+01
4.040215536952018738e+01
4.006381669640541077e+01
3.961826948821544647e+01
3.926955482363700867e+01
3.878390498459339142e+01
3.848506601154804230e+01
3.820754037797451019e+01
3.794369693100452423e+01
3.748574484884738922e+01
3.723000746965408325e+01
3.683113189041614532e+01
3.661293287575244904e+01
3.640174983441829681e+01
3.619257873296737671e+01
3.573981051146984100e+01
3.563513717055320740e+01
3.531753204762935638e+01
3.503349904716014862e+01
3.492489624023437500e+01
3.452522073686122894e+01
3.430679336190223694e+01
3.397619423270225525e+01
3.379090824723243713e+01
3.341606342792510986e+01
3.328681938350200653e+01
3.312031760811805725e+01
3.271209339797496796e+01
3.271461357176303864e+01
3.242943874001502991e+01
3.217551149427890778e+01
3.203043530881404877e+01
3.181241191923618317e+01
3.160154108703136444e+01
3.136185586452484131e+01
3.139887365698814392e+01
3.121626423299312592e+01
3.102503584325313568e+01
3.061780901998281479e+01
3.055681063234806061e+01
3.054123270511627197e+01
3.044139070808887482e+01
3.015513038635253906e+01
3.001842324435710907e+01
2.976393693685531616e+01
2.966713470220565796e+01
3.002396529912948608e+01
2.952614419907331467e+01
2.965392448753118515e+01
2.938840934634208679e+01
2.947375154495239258e+01
2.928443244099617004e+01
2.956471037119626999e+01
2.967037191241979599e+01
2.940885453671216965e+01
2.946672347187995911e+01
2.952172666043043137e+01
2.979306203126907349e+01
2.971890112012624741e+01
3.018213775753974915e+01
3.017217232286930084e+01
3.002227496355772018e+01
2.983616989105939865e+01
2.980209717899560928e+01
2.971213749051094055e+01
2.952088417112827301e+01
2.946664498746395111e+01
2.938870528340339661e+01
2.910970971733331680e+01
2.916563703119754791e+01
2.915768004953861237e+01
2.916347075253725052e+01
2.904380664229393005e+01
2.870033809542655945e+01
2.871454722434282303e+01
2.873262815177440643e+01
2.852049464732408524e+01
2.852595967799425125e+01
2.827562669664621353e+01
2.831414910405874252e+01
2.800020412355661392e+01
2.815466684848070145e+01
2.807126300781965256e+01
2.808528796583414078e+01
2.776918102055788040e+01
2.788747203350067139e+01
2.779008735716342926e+01
2.755501478910446167e+01
2.753801975399255753e+01
2.731954219192266464e+01
2.740734609961509705e+01
2.728354030847549438e+01
2.702431097626686096e+01
2.719280168414115906e+01
2.694874939322471619e+01
2.686098160594701767e+01
2.687060210853815079e+01
2.706394381821155548e+01
2.666875551640987396e+01
2.672363110631704330e+01
2.638010395318269730e+01
2.646520166844129562e+01
2.637488956749439240e+01
2.639283114671707153e+01
2.643301192671060562e+01
2.628322887420654297e+01
2.628313858062028885e+01
2.624279833585023880e+01
2.623915763944387436e+01
2.604310848563909531e+01
2.613107188045978546e+01
2.634571716189384460e+01
2.611568744480609894e+01
2.619703307747840881e+01
2.592066878825426102e+01
2.587020564824342728e+01
2.581812410056591034e+01
2.574948141723871231e+01
2.600052322447299957e+01
2.600930677354335785e+01
2.607181248068809509e+01
2.588092989474534988e+01
2.603460069000720978e+01
2.574642844498157501e+01
2.571631063520908356e+01
2.575685289502143860e+01
2.569417529553174973e+01
2.566537802666425705e+01
2.569130925834178925e+01
2.580557569116353989e+01
2.557522302120923996e+01
2.573401676118373871e+01
2.575490287691354752e+01
2.568821866810321808e+01
2.546831680089235306e+01
2.548526647686958313e+01
2.548196144402027130e+01
2.534687967598438263e+01
2.554144380241632462e+01
2.545275935530662537e+01
2.534789531677961349e+01
2.532919365167617798e+01
2.541843859106302261e+01
2.572667225450277328e+01
2.531911801546812057e+01
2.538190659135580063e+01
2.524179372936487198e+01
2.523920198529958725e+01
2.527940337359905243e+01
2.532785469293594360e+01
2.521262766420841217e+01
2.529624786227941513e+01
2.526293318718671799e+01
2.532964974641799927e+01
2.520098766684532166e+01
2.506723684072494507e+01
2.517549581825733185e+01
2.526713038980960846e+01
2.517158004641532898e+01
2.517153623700141907e+01
2.508503138273954391e+01
2.488758475333452225e+01
2.498270659893751144e+01
2.473634023219347000e+01
2.488354605436325073e+01
2.504251224547624588e+01
2.485637535899877548e+01
2.510249975323677063e+01
2.484366786479949951e+01
2.489503709226846695e+01
2.492131611704826355e+01
2.472397330403327942e+01
2.472234088927507401e+01
2.487266356498003006e+01
2.488191034644842148e+01
2.474156838655471802e+01
2.473302704095840454e+01
2.469395589083433151e+01
2.494232188910245895e+01
2.472490960359573364e+01
2.469885725528001785e+01
2.459015208482742310e+01
