4.931781969831457862e-03
3.630089458255540691e-03
3.578704131013226136e-03
3.528779981258724566e-03
3.476339281492290146e-03
3.439602587327715913e-03
3.395267350909610387e-03
3.361377641115160120e-03
3.322273760013991998e-03
3.286469351899410848e-03
3.260678504150183333e-03
3.231863276145997312e-03
3.207828113365741082e-03
3.168769923615313670e-03
3.145613984781361720e-03
3.112578468530305658e-03
3.087640022637233670e-03
3.054537799298053490e-03
3.038490935051370127e-03
3.006112750708347069e-03
2.980938742292069208e-03
2.947787908349363498e-03
2.921841876758706109e-03
2.885707216115579801e-03
2.863472173478277035e-03
2.842822944789769914e-03
2.823191735937836781e-03
2.789117920301144998e-03
2.770089841492119360e-03
2.740411598989296420e-03
2.724176553255390747e-03
2.708463529346599469e-03
2.692900203345787065e-03
2.659212091627220342e-03
2.651423896618542407e-03
2.627792563067660528e-03
2.606659155294653758e-03
2.598578589303152976e-03
2.568840828635508052e-03
2.552588791808202071e-03
2.527990642314155781e-03
2.514204482680984943e-03
2.486314243149189904e-03
2.476697870796280062e-03
2.464309345842117561e-03
2.433935520682661401e-03
2.434123033613321170e-03
2.412904668155880020e-03
2.394011271895752149e-03
2.383216912858187979e-03
2.366994934466978059e-03
2.351305140404119469e-03
2.333471418491431769e-03
2.336225718525903640e-03
2.322638707811988407e-03
2.308410405003953440e-03
2.278110790177292812e-03
2.273572219668754720e-03
2.272413147702103623e-03
2.264984427685183977e-03
2.243685296603611500e-03
2.233513634252760893e-03
2.214578641135068245e-03
2.207376093914111340e-03
2.233925989518562895e-03
2.196885729097717080e-03
2.206393191036546460e-03
2.186637600174262241e-03
2.192987466142290974e-03
2.178901223288405575e-03
2.199755235952103628e-03
2.207616957769329910e-03
2.188158819695845865e-03
2.192464544038687235e-03
2.196557043186787937e-03
2.216745686850377355e-03
2.211227761914155102e-03
2.245694773626469645e-03
2.244953297832537331e-03
2.233800220502806747e-03
2.219953116894300433e-03
2.217417944865744846e-03
2.210724515663016476e-03
2.196494357970853704e-03
2.192458704424401182e-03
2.186659619300848102e-03
2.165901020634919578e-03
2.170062279106960580e-03
2.169470241781146919e-03
2.169901097659021616e-03
2.160997518027822032e-03
2.135441822576380783e-03
2.136499049430269376e-03
2.137844356530833791e-03
2.122060613640184938e-03
2.122467237946000854e-03
2.103841272071891016e-03
2.106707522623418264e-03
2.083348521097962147e-03
2.094841283369099950e-03
2.088635640462771937e-03
2.089679164124563868e-03
2.066159302124842209e-03
2.074960716778323586e-03
2.067714833122279074e-03
2.050224314665510458e-03
2.048959803124446224e-03
2.032704032137103069e-03
2.039237060983266348e-03
2.030025320571093514e-03
2.010737423829379433e-03
2.023273934831931395e-03
2.005115282233981867e-03
1.998584940918677038e-03
1.999300752123374294e-03
2.013686295997883530e-03
1.984282404494782260e-03
1.988365409696208567e-03
1.962805353659427023e-03
1.969137028901881900e-03
1.962417378533809053e-03
1.963752317464067653e-03
1.966741958832634533e-03
1.955597386473701023e-03
1.955590668200914411e-03
1.952589161893618971e-03
1.952318276744335977e-03
1.937731286133861225e-03
1.944276181581829207e-03
1.960246812640910850e-03
1.943131506309977519e-03
1.949184008740953130e-03
1.928621189602251589e-03
1.924866491684778733e-03
1.920991376530201697e-03
1.915884034020737476e-03
1.934562739916145845e-03
1.935216277793404618e-03
1.939867000051197611e-03
1.925664426692362324e-03
1.937098265625536485e-03
1.915656878346843348e-03
1.913415969881628259e-03
1.916432507070047440e-03
1.911768995203255196e-03
1.909626341269662041e-03
1.911555748388525959e-03
1.920057715116334825e-03
1.902918379554258870e-03
1.914733389969028267e-03
1.916287416437019876e-03
1.911325793757679987e-03
1.894964047685442901e-03
1.896225184290891656e-03
1.895979274108651035e-03
1.885928547320266623e-03
1.900405044822643186e-03
1.893806499650790625e-03
1.886004115831816513e-03
1.884612622892572727e-03
1.891252871358855897e-03
1.914186923698122994e-03
1.883862947579473257e-03
1.888534716618735145e-03
1.878109652482505294e-03
1.877916814382409689e-03
1.880907989107072310e-03
1.884512997986305220e-03
1.875939558348840115e-03
1.882161299276742094e-03
1.879682528808535513e-03
1.884646558513243921e-03
1.875073487116467492e-03
1.865121788744415450e-03
1.873176772191765659e-03
1.879994820670357692e-03
1.872885420120188119e-03
1.872882160491176964e-03
1.866445787406215964e-03
1.851754817956437768e-03
1.858832336230469614e-03
1.840501505371538050e-03
1.851454319521075170e-03
1.863282161121744378e-03
1.849432690401694611e-03
1.867745517353926491e-03
1.848487192321391238e-03
1.852309307460451313e-03
1.854264592042281518e-03
1.839581347026285601e-03
1.839459887594871619e-03
1.850644610489585564e-03
1.851332615063126536e-03
1.840890504951987966e-03
1.840254988166547872e-03
1.837347908544221002e-03
1.855827521510599676e-03
1.839651012172301668e-03
1.837712593398810801e-03
1.829624411073469065e-03
