6.289152523875236511e+01
4.880234493315219879e+01
4.819481381773948669e+01
4.746271143853664398e+01
4.675246168673038483e+01
4.614077951014041901e+01
4.560457272827625275e+01
4.514904561638832092e+01
4.460095128417015076e+01
4.424000607430934906e+01
4.385250109434127808e+01
4.329917474091053009e+01
4.279690270125865936e+01
4.241224893927574158e+01
4.195627160370349884e+01
4.145218844711780548e+01
4.107303595542907715e+01
4.074645696580410004e+01
4.026726686954498291e+01
3.993673512339591980e+01
3.962103362381458282e+01
3.928292401134967804e+01
3.900141195952892303e+01
3.878882569074630737e+01
3.839878307282924652e+01
3.816266219317913055e+01
3.792533835768699646e+01
3.761445760726928711e+01
3.717928908765316010e+01
3.698248510062694550e+01
3.690630488097667694e+01
3.643208731710910797e+01
3.625590595602989197e+01
3.591050723195075989e+01
3.572908529639244080e+01
3.549649251997470856e+01
3.528005285561084747e+01
3.500634793937206268e+01
3.464228251576423645e+01
3.438855858147144318e+01
3.425315673649311066e+01
3.394474980235099792e+01
3.382232134044170380e+01
3.345449687540531158e+01
3.325297202169895172e+01
3.302718015015125275e+01
3.292687006294727325e+01
3.272694711387157440e+01
3.259821651875972748e+01
3.233105362951755524e+01
3.208891142904758453e+01
3.192920160293579102e+01
3.170975834131240845e+01
3.150421218574047089e+01
3.128367117047309875e+01
3.114226251840591431e+01
3.120371484756469727e+01
3.090138545632362366e+01
3.064539289474487305e+01
3.054426954686641693e+01
3.051314064860343933e+01
3.035130651295185089e+01
3.014079273492097855e+01
3.011216358840465546e+01
2.982464451342821121e+01
2.980671379715204239e+01
2.967604994773864746e+01
2.981030956655740738e+01
2.972380549460649490e+01
2.945274055004119873e+01
2.944143266975879669e+01
2.938607615232467651e+01
2.942482182383537292e+01
2.931694895029067993e+01
2.969374141097068787e+01
2.990127524733543396e+01
2.984773471206426620e+01
2.991385938227176666e+01
3.020481827110052109e+01
3.016957353055477142e+01
3.011326406896114349e+01
2.967900443822145462e+01
2.967892723530530930e+01
2.949975691735744476e+01
2.938370966166257858e+01
2.905744735896587372e+01
2.917524943500757217e+01
2.902572260797023773e+01
2.895921678096055984e+01
2.902918585389852524e+01
2.873454822599887848e+01
2.876744820177555084e+01
2.852548764646053314e+01
2.860434699058532715e+01
2.842292565852403641e+01
2.853775166720151901e+01
2.827587183564901352e+01
2.814378948509693146e+01
2.828185089677572250e+01
2.808817172050476074e+01
2.798476865142583847e+01
2.773011200129985809e+01
2.791577689349651337e+01
2.799272827804088593e+01
2.768173345178365707e+01
2.759676887840032578e+01
2.771046566963195801e+01
2.739075788110494614e+01
2.751372065395116806e+01
2.740455294400453568e+01
2.714765738695859909e+01
2.733628533780574799e+01
2.715626734495162964e+01
2.702108471095561981e+01
2.692474183440208435e+01
2.712619564682245255e+01
2.683004873991012573e+01
2.699983268976211548e+01
2.695280957967042923e+01
2.676221551001071930e+01
2.672418352216482162e+01
2.671034095436334610e+01
2.655445813387632370e+01
2.661523557454347610e+01
2.647339275479316711e+01
2.662478248775005341e+01
2.627771914005279541e+01
2.641288094222545624e+01
2.643347964435815811e+01
2.637031738460063934e+01
2.630382628738880157e+01
2.631631861627101898e+01
2.635387963801622391e+01
2.608804170787334442e+01
2.617169228941202164e+01
2.619396229833364487e+01
2.616151802241802216e+01
2.620690105855464935e+01
2.611686582118272781e+01
2.614171876758337021e+01
2.615984601527452469e+01
2.590184259414672852e+01
2.591328902542591095e+01
2.604223604500293732e+01
2.602495383471250534e+01
2.621043138206005096e+01
2.573202771693468094e+01
2.581916309893131256e+01
2.601764795184135437e+01
2.590097154676914215e+01
2.581395711004734039e+01
2.573687462508678436e+01
2.565913678705692291e+01
2.567660270631313324e+01
2.600050760060548782e+01
2.603141287714242935e+01
2.577644918859004974e+01
2.573190619796514511e+01
2.568625815957784653e+01
2.550747133791446686e+01
2.564661841839551926e+01
2.559753505140542984e+01
2.548363772034645081e+01
2.567230741679668427e+01
2.574083558470010757e+01
2.559176164120435715e+01
2.537573542445898056e+01
2.550213629007339478e+01
2.541931424289941788e+01
2.540670700371265411e+01
2.545319432765245438e+01
2.540683908760547638e+01
2.511806461215019226e+01
2.533221389353275299e+01
2.525332635641098022e+01
2.551796242594718933e+01
2.531276009231805801e+01
2.524390039592981339e+01
2.543876092880964279e+01
2.503374851495027542e+01
2.515008916705846786e+01
2.517557551711797714e+01
2.516461617499589920e+01
2.518426223844289780e+01
2.539569340646266937e+01
2.503024542331695557e+01
2.522958787530660629e+01
2.524952936172485352e+01
2.521541472524404526e+01
2.519239878654479980e+01
2.501535411924123764e+01
2.498161924630403519e+01
2.494209034740924835e+01
2.516480362415313721e+01
2.496321848779916763e+01
2.515022984892129898e+01
2.505897542089223862e+01
2.487345179915428162e+01
2.494619058817625046e+01
2.500042373687028885e+01
2.483104333281517029e+01
2.493140768259763718e+01
2.478741102665662766e+01
2.492526955157518387e+01
2.475806806236505508e+01
2.477613775432109833e+01
2.475671158730983734e+01
2.496472965925931931e+01
2.505051460117101669e+01
2.468031105399131775e+01
2.471837689727544785e+01
2.475454606115818024e+01
2.479920873790979385e+01
2.467075722664594650e+01
2.462394648045301437e+01
2.463052143901586533e+01
2.476974586397409439e+01
2.471125470846891403e+01
2.473018819838762283e+01
2.465790463984012604e+01
2.464074715971946716e+01
2.488808161020278931e+01
2.456195085495710373e+01
2.464263459295034409e+01
2.475114419311285019e+01
2.466026399284601212e+01
2.454028014838695526e+01
2.470313898473978043e+01
2.468982832878828049e+01
2.459398933500051498e+01
2.455395216494798660e+01
2.444959278404712677e+01
2.467018073797225952e+01
2.445507676899433136e+01
2.449414601922035217e+01
2.442361067980527878e+01
2.424954313039779663e+01
2.454655313491821289e+01
2.449879761040210724e+01
2.444690095633268356e+01
2.433746482431888580e+01
2.433326524496078491e+01
2.459876959025859833e+01
2.441055819392204285e+01
2.429607289284467697e+01
2.436320969462394714e+01
2.431170983612537384e+01
2.424101433157920837e+01
2.440856277197599411e+01
2.419717296957969666e+01
2.458573673665523529e+01
2.434652455896139145e+01
2.451193637400865555e+01
2.434044102579355240e+01
2.425295291095972061e+01
2.431961259245872498e+01
2.430487148463726044e+01
2.423439618945121765e+01
2.419915758818387985e+01
2.408484718948602676e+01
2.411238335072994232e+01
2.447475547343492508e+01
2.420254130661487579e+01
2.435278425365686417e+01
2.422284755855798721e+01
2.414046287536621094e+01
2.411673332750797272e+01
2.417955775558948517e+01
2.424123115837574005e+01
2.427139052748680115e+01
2.406288609653711319e+01
2.440815061330795288e+01
2.407684918493032455e+01
2.416814182698726654e+01
2.402683170884847641e+01
2.407823580503463745e+01
2.410964033752679825e+01
2.400437546521425247e+01
2.394339789450168610e+01
2.413441480696201324e+01
2.402416138350963593e+01
2.396116793155670166e+01
2.388864509761333466e+01
2.418271405994892120e+01
2.421595343202352524e+01
2.403420218825340271e+01
2.392601615190505981e+01
2.417221479117870331e+01
2.393929151445627213e+01
2.406575512140989304e+01
2.398215764760971069e+01
2.406163300573825836e+01
2.395327541232109070e+01
2.377196472883224487e+01
2.377674244344234467e+01
2.396676836162805557e+01
2.406747840344905853e+01
2.398621241003274918e+01
2.395814789086580276e+01
2.420193991065025330e+01
2.397853797674179077e+01
2.381784938275814056e+01
2.374973101913928986e+01
2.371894989907741547e+01
2.377774673700332642e+01
2.390672774612903595e+01
2.388282264024019241e+01
2.386468479037284851e+01
2.368342618644237518e+01
2.370260855555534363e+01
2.385901188105344772e+01
2.369401826709508896e+01
2.370986691862344742e+01
2.374736972898244858e+01
2.390133214741945267e+01
2.372938305139541626e+01
2.369344498217105865e+01
2.360854484140872955e+01
2.367597206681966782e+01
2.382607450336217880e+01
2.371022947877645493e+01
2.372127337753772736e+01
2.370446138083934784e+01
2.366583925485610962e+01
2.372010654211044312e+01
2.370342931896448135e+01
2.375358588248491287e+01
2.362879960238933563e+01
2.352409778535366058e+01
2.369407420605421066e+01
2.362924884259700775e+01
2.364213957637548447e+01
2.356252229958772659e+01
2.364371351897716522e+01
2.355688228458166122e+01
2.360510151833295822e+01
2.369076600670814514e+01
2.360419276356697083e+01
2.368046174943447113e+01
2.348689612001180649e+01
2.359931930899620056e+01
2.353647551685571671e+01
2.358207079023122787e+01
2.364520905911922455e+01
2.358644923567771912e+01
2.355210186541080475e+01
2.350456825643777847e+01
2.358573847264051437e+01
2.343777975440025330e+01
2.346690959483385086e+01
2.354288522899150848e+01
2.367254892736673355e+01
2.360384221374988556e+01
2.348710271716117859e+01
2.340487816184759140e+01
2.347932200133800507e+01
2.337464140355587006e+01
2.351671864837408066e+01
2.347125375270843506e+01
2.349657007306814194e+01
2.334798079729080200e+01
2.340177385509014130e+01
2.331264929473400116e+01
2.346068286895751953e+01
2.324524085223674774e+01
2.338674057275056839e+01
2.330815514922142029e+01
2.320177821815013885e+01
2.342302871495485306e+01
2.340661396086215973e+01
2.318872896581888199e+01
2.346963867545127869e+01
2.335004637390375137e+01
2.332945330440998077e+01
2.333771527558565140e+01
2.327247513085603714e+01
2.320055203884840012e+01
2.325300960242748260e+01
2.332849874347448349e+01
2.332490020990371704e+01
2.331049895286560059e+01
2.321090395003557205e+01
2.321044408529996872e+01
2.328240028768777847e+01
2.335851076990365982e+01
2.342044749110937119e+01
2.329078413546085358e+01
2.337378271669149399e+01
2.313356684148311615e+01
2.333310981839895248e+01
2.316924584656953812e+01
2.335293488204479218e+01
2.320415963977575302e+01
2.315937379002571106e+01
2.324269128590822220e+01
2.357655496895313263e+01
2.314131447672843933e+01
2.321123256534337997e+01
2.327260135859251022e+01
2.321470146626234055e+01
2.325621631741523743e+01
2.309650054574012756e+01
2.333791035413742065e+01
2.323908884078264236e+01
2.308088501542806625e+01
2.303957504779100418e+01
2.314787346124649048e+01
2.316725223511457443e+01
2.315088342875242233e+01
2.310758325457572937e+01
2.316212753951549530e+01
2.315530053526163101e+01
2.303566312789916992e+01
2.308273339271545410e+01
2.297828962653875351e+01
2.324409741163253784e+01
2.296381462365388870e+01
2.308820351958274841e+01
2.297683104127645493e+01
2.311413033306598663e+01
2.286896422505378723e+01
2.309118426591157913e+01
2.313222610950469971e+01
2.316633832454681396e+01
2.300833600014448166e+01
2.313410333544015884e+01
2.320874290168285370e+01
2.296440273523330688e+01
2.300430279970169067e+01
2.303796011209487915e+01
2.310806763172149658e+01
2.305868991464376450e+01
2.292446231842041016e+01
2.300880138576030731e+01
2.290703368932008743e+01
2.305599229037761688e+01
2.295893312990665436e+01
2.300011902302503586e+01
2.283147104084491730e+01
2.295142745971679688e+01
2.298949228972196579e+01
2.297642974555492401e+01
2.295224090665578842e+01
2.295534317195415497e+01
2.294127112627029419e+01
2.289341518282890320e+01
2.285954032838344574e+01
2.302736843377351761e+01
2.285457456111907959e+01
2.291263893246650696e+01
2.294345944374799728e+01
2.282312782108783722e+01
2.286814417690038681e+01
2.285447268187999725e+01
2.278708839416503906e+01
2.292097127437591553e+01
2.289326234161853790e+01
2.284790342301130295e+01
2.281464628875255585e+01
2.285825100541114807e+01
2.306559591740369797e+01
2.282567162811756134e+01
2.279299725592136383e+01
2.287997801601886749e+01
2.309851676970720291e+01
2.267249016463756561e+01
2.296653486043214798e+01
2.297007454931735992e+01
2.273051588982343674e+01
2.272703094780445099e+01
2.281506403535604477e+01
2.285539207607507706e+01
2.271731476485729218e+01
2.271085935086011887e+01
2.275972275435924530e+01
2.272773590683937073e+01
2.278605943918228149e+01
2.281402508914470673e+01
2.269049076735973358e+01
2.264290996640920639e+01
2.272640890628099442e+01
2.263838908821344376e+01
2.296241565048694611e+01
2.283263596892356873e+01
2.272415960580110550e+01
2.285925534367561340e+01
2.277540266513824463e+01
2.271686340868473053e+01
2.276246003061532974e+01
2.267550294101238251e+01
2.269967600703239441e+01
2.261397016048431396e+01
2.269385701417922974e+01
2.263137741386890411e+01
2.271371630579233170e+01
2.269374652206897736e+01
2.273368561267852783e+01
2.281121251732110977e+01
2.272803659737110138e+01
2.266209956258535385e+01
