4.679428961216694147e-03
3.631126855145252932e-03
3.585923647153235489e-03
3.531451743938738425e-03
3.478605780262677451e-03
3.433093713552114439e-03
3.393197375615792516e-03
3.359303989314607348e-03
3.318523161024564648e-03
3.291667118624207536e-03
3.262834902852773493e-03
3.221664787270128814e-03
3.184293355748411998e-03
3.155673284172302341e-03
3.121746399085081718e-03
3.084240211839122444e-03
3.056029460969425429e-03
3.031730429003281092e-03
2.996076403984001494e-03
2.971483268109815622e-03
2.947993573200489992e-03
2.922836607987327421e-03
2.901890770798283125e-03
2.886073340085290942e-03
2.857052311966461894e-03
2.839483794135351947e-03
2.821825770661234942e-03
2.798694762445631378e-03
2.766316152355145861e-03
2.751672998558552397e-03
2.746004827453621920e-03
2.710720782522999320e-03
2.697612050299843123e-03
2.671912740472526856e-03
2.658414084553009128e-03
2.641108074402880208e-03
2.625003932709140276e-03
2.604638983584230821e-03
2.577550782422934235e-03
2.558672513502339724e-03
2.548597971465261201e-03
2.525651026960639735e-03
2.516541766401912596e-03
2.489173874658133154e-03
2.474179465900219407e-03
2.457379475457682327e-03
2.449915927302624436e-03
2.435040707877349480e-03
2.425462538598194013e-03
2.405584347434341821e-03
2.387567814661278702e-03
2.375684643075579635e-03
2.359357019442887698e-03
2.344063406677118159e-03
2.327654104945914987e-03
2.317132627857582724e-03
2.321704973777135271e-03
2.299210227405031320e-03
2.280163161811374611e-03
2.272639103189465562e-03
2.270322964925850992e-03
2.258281734594631655e-03
2.242618507062572961e-03
2.240488362232489344e-03
2.219095573915789380e-03
2.217761443240479427e-03
2.208039430635316217e-03
2.218028985606950148e-03
2.211592670729649844e-03
2.191424148068541779e-03
2.190582787928481955e-03
2.186463999428919433e-03
2.189346861892512656e-03
2.181320606420437350e-03
2.209355759744842645e-03
2.224797265426743664e-03
2.220813594647638722e-03
2.225733584990458990e-03
2.247382311837836395e-03
2.244759935309134646e-03
2.240570243226275380e-03
2.208259258796239390e-03
2.208253514531645020e-03
2.194922389684333605e-03
2.186287921254656194e-03
2.162012452304008531e-03
2.170777487723777634e-03
2.159651979759690324e-03
2.154703629535755990e-03
2.159909661748402390e-03
2.137987219196345150e-03
2.140435134060680953e-03
2.122432116552123039e-03
2.128299627275693790e-03
2.114801016259228693e-03
2.123344618095351043e-03
2.103859511581027998e-03
2.094031955736379031e-03
2.104304382200574558e-03
2.089893729204223265e-03
2.082200048469184592e-03
2.063252381049096584e-03
2.077066733147061965e-03
2.082792282592327987e-03
2.059652786591046128e-03
2.053331017738119386e-03
2.061790600419044321e-03
2.038002818534594401e-03
2.047151834371366795e-03
2.039029236905099199e-03
2.019914984148705496e-03
2.033949801920070452e-03
2.020555606023186762e-03
2.010497374327055008e-03
2.003329005535869380e-03
2.018318128483813281e-03
1.996283388386170185e-03
2.008916122750157608e-03
2.005417379439764121e-03
1.991236273066273547e-03
1.988406512065834901e-03
1.987376559104415442e-03
1.975778134961035919e-03
1.980300265963056208e-03
1.969746484731634256e-03
1.981010601767117102e-03
1.955187436015832971e-03
1.965244117725108413e-03
1.966776759252839360e-03
1.962077186354214183e-03
1.957129932097381210e-03
1.958059420853498593e-03
1.960854139733350047e-03
1.941074531835814418e-03
1.947298533438394453e-03
1.948955528149824701e-03
1.946541519525150530e-03
1.949918233523411466e-03
1.943219183123714913e-03
1.945068360683286507e-03
1.946417114231735381e-03
1.927220431112107706e-03
1.928072100106094497e-03
1.937666372396051927e-03
1.936380493654204235e-03
1.950180906403277663e-03
1.914585395605258953e-03
1.921068682956198924e-03
1.935836901178672291e-03
1.927155621039370595e-03
1.920681332592808150e-03
1.914946028652290445e-03
1.909161963322687609e-03
1.910461510886393753e-03
1.934561577426003503e-03
1.936861077168335532e-03
1.917890564627235811e-03
1.914576354015263800e-03
1.911179922587637409e-03
1.897877331690064591e-03
1.908230537082999945e-03
1.904578500848618308e-03
1.896103997049587101e-03
1.910141920892610397e-03
1.915240742909234259e-03
1.904148931637228990e-03
1.888075552415102720e-03
1.897480378725699022e-03
1.891318024025254348e-03
1.890379985395286826e-03
1.893838863664617156e-03
1.890389813065883632e-03
1.868903616975460839e-03
1.884837343268806059e-03
1.878967734852007420e-03
1.898657918597261183e-03
1.883389887821284008e-03
1.878266398506682477e-03
1.892764950060241320e-03
1.862630097838562223e-03
1.871286396358516971e-03
1.873182702166516049e-03
1.872367274925290214e-03
1.873829035598429836e-03
1.889560521314186678e-03
1.862369451139654500e-03
1.877201478817455737e-03
1.878685220366432514e-03
1.876146928961610521e-03
1.874434433522678602e-03
1.861261467205449147e-03
1.858751432016669250e-03
1.855810293706045217e-03
1.872381222035203593e-03
1.857382327961247656e-03
1.871296863759025183e-03
1.864507099768767740e-03
1.850703258865645916e-03
1.856115371144066196e-03
1.860150575659991765e-03
1.847547867024938338e-03
1.855015452574228967e-03
1.844301415673856243e-03
1.854558746396963191e-03
1.842118159402161837e-03
1.843462630529843537e-03
1.842017231198648597e-03
1.857494766313937552e-03
1.863877574491891020e-03
1.836332667707687299e-03
1.839164947713946936e-03
1.841856105740935978e-03
1.845179221570669107e-03
1.835621817458775755e-03
1.832138875033706383e-03
1.832628083260109085e-03
1.842987043450453446e-03
1.838635022951556159e-03
1.840043764760983898e-03
1.834665523797628399e-03
1.833388925574365013e-03
1.851791786473421745e-03
1.827526105279546472e-03
1.833529359594519717e-03
1.841602990558991728e-03
1.834841070896280632e-03
1.825913701516886653e-03
1.838031174459805062e-03
1.837040798272937623e-03
1.829909920758966907e-03
1.826930964653868117e-03
1.819166129765411189e-03
1.835578923956269386e-03
1.819574164359697311e-03
1.822481102620561932e-03
1.817232937485511752e-03
1.804281482916502821e-03
1.826380441586176540e-03
1.822827203154918623e-03
1.818965844965229374e-03
1.810823275618964751e-03
1.810510806916725045e-03
1.830265594513288616e-03
1.816261770381104399e-03
1.807743518812848045e-03
1.812738816564281839e-03
1.808906981854566500e-03
1.803646899671072128e-03
1.816113301486309067e-03
1.800384893569917854e-03
1.829295888143990740e-03
1.811497363017960764e-03
1.823804789732786811e-03
1.811044719181067932e-03
1.804535186827360129e-03
1.809494984557940851e-03
1.808398175940272457e-03
1.803154478381787046e-03
1.800532558644633895e-03
1.792027320646281735e-03
1.794076142167406454e-03
1.821038353678193803e-03
1.800784323408844995e-03
1.811963114111373764e-03
1.802295205249850301e-03
1.796165392512366968e-03
1.794399801153867113e-03
1.799074237767074808e-03
1.803663032617242512e-03
1.805907033295148798e-03
1.790393310754249522e-03
1.816082634918746597e-03
1.791432231021601509e-03
1.798224838317505000e-03
1.787710692622654406e-03
1.791535402160315382e-03
1.793872048923124841e-03
1.786039841161774682e-03
1.781502819531375400e-03
1.795715387422768807e-03
1.787512007701609748e-03
1.782824994907492673e-03
1.777428950715277938e-03
1.799309081841437511e-03
1.801782249406512189e-03
1.788259091387901963e-03
1.780209535111983632e-03
1.798527886248415435e-03
1.781197285301806040e-03
1.790606779866807559e-03
1.784386729732865282e-03
1.790300074831715571e-03
1.782237753892938195e-03
1.768747375657161178e-03
1.769102860375174361e-03
1.783241693573515974e-03
1.790735000256626431e-03
1.784688423365531854e-03
1.782600289498943551e-03
1.800739576685286749e-03
1.784117408983764167e-03
1.772161412407599786e-03
1.767093081781197228e-03
1.764802819871831444e-03
1.769177584598461686e-03
1.778774385872696102e-03
1.776995732160728710e-03
1.775646189759884537e-03
1.762159686491248083e-03
1.763586946097867730e-03
1.775224098292667134e-03
1.762947787730289369e-03
1.764127002873768380e-03
1.766917390549289316e-03
1.778372927635375918e-03
1.765579096085968368e-03
1.762905132602013295e-03
1.756588157842911384e-03
1.761605064495511000e-03
1.772773400547781198e-03
1.764153979075629023e-03
1.764975697733461944e-03
1.763724805121975317e-03
1.760851135033936633e-03
1.764888879621312684e-03
1.763648014803904885e-03
1.767379901970603587e-03
1.758095208511111255e-03
1.750304894743575940e-03
1.762951949855224004e-03
1.758128634121801153e-03
1.759087766099366344e-03
1.753163861576467796e-03
1.759204874923896243e-03
1.752744217602802187e-03
1.756331958209297580e-03
1.762705804070546518e-03
1.756264342527304482e-03
1.761939118261493390e-03
1.747536913691354618e-03
1.755901734300312645e-03
1.751225856908907464e-03
1.754618362368394946e-03
1.759316150232085154e-03
1.754944139559354126e-03
1.752388531652589697e-03
1.748851804794477639e-03
1.754891255404800133e-03
1.743882422202399762e-03
1.746049821044185282e-03
1.751702770014249141e-03
1.761350366619548590e-03
1.756238259951628392e-03
1.747552285503063988e-03
1.741434387042231418e-03
1.746973363194792139e-03
1.739184628240764054e-03
1.749755851813547623e-03
1.746373047076520482e-03
1.748256701865189130e-03
1.737200952179375219e-03
1.741203411837063996e-03
1.734572120143898933e-03
1.745586522987910717e-03
1.729556611029519882e-03
1.740084864043941028e-03
1.734237734317070059e-03
1.726322784088552085e-03
1.742784874624617132e-03
1.741563538754624905e-03
1.725351857575809595e-03
1.746252877637743950e-03
1.737354640915457623e-03
1.735822418482885427e-03
1.736437148481075271e-03
1.731582971045836144e-03
1.726231550509553687e-03
1.730134643037759034e-03
1.735751394603756142e-03
1.735483646570216976e-03
1.734412124469166807e-03
1.727001781996694322e-03
1.726967565870533416e-03
1.732321449976769161e-03
1.737984432284498488e-03
1.742592819278971110e-03
1.732945248174170725e-03
1.739120737849069419e-03
1.721247532848446107e-03
1.736094480535636331e-03
1.723902220726900112e-03
1.737569559675951857e-03
1.726499973197600677e-03
1.723167692710246427e-03
1.729366911153885607e-03
1.754207958999489010e-03
1.721823993804199454e-03
1.727026232540430049e-03
1.731592362990514063e-03
1.727284335287376576e-03
1.730373237902919480e-03
1.718489623938997601e-03
1.736451663254272434e-03
1.729098872082041874e-03
1.717327754124112161e-03
1.714254095817783086e-03
1.722312013485601890e-03
1.723753886541262888e-03
1.722535969401221920e-03
1.719314230251170342e-03
1.723372584785379117e-03
1.722864623159347641e-03
1.713963030349640541e-03
1.717465282196090331e-03
1.709694168641276392e-03
1.729471533603611387e-03
1.708617159498057288e-03
1.717872285683240147e-03
1.709585642952117122e-03
1.719801364067409652e-03
1.701559838173644914e-03
1.718094067404135313e-03
1.721147776004813921e-03
1.723685887243066534e-03
1.711929761915512074e-03
1.721287450553583322e-03
1.726840989708545689e-03
1.708660917800097290e-03
1.711629672596852014e-03
1.714133936911821409e-03
1.719350270217373348e-03
1.715676332934803821e-03
1.705689160596756630e-03
1.711964388821451445e-03
1.704392387598220766e-03
1.715475616843572691e-03
1.708253953118054605e-03
1.711318379689362717e-03
1.698770166729532578e-03
1.707695495514642732e-03
1.710527700128122459e-03
1.709555784639503299e-03
1.707756019840460382e-03
1.707986843151350917e-03
1.706939815942730247e-03
1.703379105865245697e-03
1.700858655385673003e-03
1.713345865608148543e-03
1.700489178654693376e-03
1.704809444379948476e-03
1.707102637183630783e-03
1.698149391449987802e-03
1.701498822686040675e-03
1.700481598354166559e-03
1.695467886470613042e-03
1.705429410295827104e-03
1.703367733751379219e-03
1.699992814212150606e-03
1.697518325055993697e-03
1.700762723616900968e-03
1.716190172425870490e-03
1.698338662806366190e-03
1.695907533922720459e-03
1.702379316668070413e-03
1.718639640603214459e-03
1.686941232487914081e-03
1.708819558067868052e-03
1.709082927776589284e-03
1.691258622754719925e-03
1.690999326473545568e-03
1.697549407392562847e-03
1.700550005660347950e-03
1.690276396194739014e-03
1.689796082653282575e-03
1.693431752556491532e-03
1.691051778782691169e-03
1.695391327320110338e-03
1.697472104847076333e-03
1.688280563047599332e-03
1.684740324881637327e-03
1.690953043622097718e-03
1.684403950015881182e-03
1.708513069232659581e-03
1.698856842925860729e-03
1.690785684955439360e-03
1.700837451166340364e-03
1.694598412584690872e-03
1.690242813146185371e-03
1.693635418944592968e-03
1.687165397396754628e-03
1.688963988618481706e-03
1.682587065512225781e-03
1.688531027840716554e-03
1.683882248055722057e-03
1.690008653704786487e-03
1.688522806701560830e-03
1.691494465229057085e-03
1.697262836110201636e-03
1.691074151590111650e-03
1.686168122216172120e-03
