5.188104809820652008e+01
3.453070709109306335e+01
3.320944756269454956e+01
3.201407643407583237e+01
3.090343484282493591e+01
3.018343823403120041e+01
2.941748289763927460e+01
2.861428450047969818e+01
2.783688687533140182e+01
2.700844857841730118e+01
2.648522367328405380e+01
2.602737305313348770e+01
2.556531350314617157e+01
2.509866789728403091e+01
2.453978778421878815e+01
2.408709177374839783e+01
2.346154057979583740e+01
2.293167823553085327e+01
2.228414686024188995e+01
2.181197463721036911e+01
2.100506269931793213e+01
2.060143823176622391e+01
1.996157530695199966e+01
1.963215372711420059e+01
1.915482403337955475e+01
1.880676476657390594e+01
1.847479996830224991e+01
1.806027711182832718e+01
1.786824174225330353e+01
1.749186978489160538e+01
1.712147537618875504e+01
1.680988069623708725e+01
1.655345121026039124e+01
1.627645014598965645e+01
1.601603145897388458e+01
1.577145263180136681e+01
1.553361031785607338e+01
1.545999158918857574e+01
1.519922168180346489e+01
1.498977126926183701e+01
1.480327495932579041e+01
1.471979865804314613e+01
1.464830080047249794e+01
1.454388400167226791e+01
1.463097381964325905e+01
1.448305518552660942e+01
1.436272513493895531e+01
1.431796125322580338e+01
1.423577389866113663e+01
1.428873759135603905e+01
1.418335624039173126e+01
1.397017970681190491e+01
1.397158318012952805e+01
1.395577824488282204e+01
1.384698551893234253e+01
1.386759996786713600e+01
1.375816858559846878e+01
1.391235295310616493e+01
1.383976123109459877e+01
1.375454042851924896e+01
1.366229647025465965e+01
1.365163305029273033e+01
1.360290150716900826e+01
1.368635003268718719e+01
1.355859326571226120e+01
1.347723945230245590e+01
1.348223215341567993e+01
1.338303849473595619e+01
1.341402187943458557e+01
1.341985142230987549e+01
1.340911735966801643e+01
1.327828311547636986e+01
1.332520876079797745e+01
1.332672883570194244e+01
1.317808169126510620e+01
1.318678467720746994e+01
1.304066357761621475e+01
1.304775906354188919e+01
1.313793566823005676e+01
1.316851513832807541e+01
1.303709096461534500e+01
1.296832773089408875e+01
1.286796843260526657e+01
1.283274956047534943e+01
1.296857710182666779e+01
1.290636832639575005e+01
1.293563765287399292e+01
1.271175324544310570e+01
1.268606485798954964e+01
1.275247189402580261e+01
1.264069062098860741e+01
1.259521304070949554e+01
1.261196157708764076e+01
1.264718744903802872e+01
1.258444992080330849e+01
1.254684803634881973e+01
1.249865595251321793e+01
1.260181150957942009e+01
1.258615729585289955e+01
1.262290179729461670e+01
