3.465667875631698192e-03
2.306660460326858102e-03
2.218399970787879143e-03
2.138548859991705551e-03
2.064357704931525650e-03
2.016261739080240679e-03
1.965095717945175135e-03
1.911441850399445358e-03
1.859511481318062986e-03
1.804171581724602546e-03
1.769220018255447885e-03
1.738635474491214859e-03
1.707769773089256714e-03
1.676597721929461030e-03
1.639264381043339328e-03
1.609024166583059327e-03
1.567237179679080612e-03
1.531842233502394993e-03
1.488586964612016641e-03
1.457045733948588448e-03
1.403143800889641423e-03
1.376181578608298185e-03
1.333438564258650596e-03
1.311433114703687390e-03
1.279547363619208764e-03
1.256296911594783228e-03
1.234121574368887871e-03
1.206431336795479523e-03
1.193603322795811893e-03
1.168461575477061165e-03
1.143719130005928838e-03
1.122904522126725842e-03
1.105774963945249916e-03
1.087271218836984455e-03
1.069875180960179429e-03
1.053537249953331043e-03
1.037649319830065073e-03
1.032731569084073108e-03
1.015312069592749734e-03
1.001320726069595060e-03
9.888627227338537412e-04
9.832864835032160793e-04
9.785104075131928220e-04
9.715353374530572928e-04
9.773529605640119203e-04
9.674719562810026475e-04
9.594338767494292293e-04
9.564436374900335981e-04
9.509535002445648885e-04
9.544914890685397011e-04
9.474519866661143498e-04
9.332117372619842983e-04
9.333054896546110705e-04
9.322497157570355754e-04
9.249823325940109003e-04
9.263593832910578269e-04
9.190493377153285915e-04
9.293488946630704952e-04
9.244997482361121338e-04
9.188069758529892207e-04
9.126450547932304057e-04
9.119327354904963696e-04
9.086774553887113194e-04
9.142518391908608299e-04
9.057176530201910920e-04
9.002831965465901871e-04
9.006167103150086598e-04
8.939905474105515641e-04
8.960602457872134542e-04
8.964496608089429471e-04
8.957326225563136792e-04
8.869928600852618758e-04
8.901275057313277981e-04
8.902290471410783442e-04
8.802993781740217974e-04
8.808807399604187943e-04
8.711198114640090031e-04
8.715937918197655052e-04
8.776176131082202500e-04
8.796603298816349113e-04
8.708811599609448794e-04
8.662877575747554050e-04
8.595837296329503305e-04
8.572310995641515934e-04
8.663044156196838836e-04
8.621488527986473187e-04
8.641040516281892243e-04
8.491485133896530370e-04
8.474325222437909238e-04
8.518685299950436033e-04
8.444015110880833622e-04
8.413635965737806385e-04
8.424824032790675585e-04
8.448355009377440288e-04
8.406446172881302083e-04
8.381328013593066081e-04
8.349135572821121199e-04
8.418043760574095294e-04
8.407586703976552929e-04
8.432132129121320359e-04
