6.184975175559520721e+01
4.880565689504146576e+01
4.800983141362667084e+01
4.734002678096294403e+01
4.653407579660415649e+01
4.589143672585487366e+01
4.536477333307266235e+01
4.482028266787528992e+01
4.438284628093242645e+01
4.395635835826396942e+01
4.347900134325027466e+01
4.304005441069602966e+01
4.269230103492736816e+01
4.213915367424488068e+01
4.167450033128261566e+01
4.116380214691162109e+01
4.070593993365764618e+01
4.029047048091888428e+01
4.002656891942024231e+01
3.966146789491176605e+01
3.917797271907329559e+01
3.901525823771953583e+01
3.862029765546321869e+01
3.825436347723007202e+01
3.801002633571624756e+01
3.755980394780635834e+01
3.736798112094402313e+01
3.705288819968700409e+01
3.672015346586704254e+01
3.652726376056671143e+01
3.618141818046569824e+01
3.585756179690361023e+01
3.552394220232963562e+01
3.520023860037326813e+01
3.501687240600585938e+01
3.464203715324401855e+01
3.446403945982456207e+01
3.406288994848728180e+01
3.382843397557735443e+01
3.364890298247337341e+01
3.338471107184886932e+01
3.306112581491470337e+01
3.285775297880172729e+01
3.257602889835834503e+01
3.230847199261188507e+01
3.204140073060989380e+01
3.185305258631706238e+01
3.153635756671428680e+01
3.138233736157417297e+01
3.113554653525352478e+01
3.101225213706493378e+01
3.059934289753437042e+01
3.040949546545743942e+01
3.034497667104005814e+01
3.023278644680976868e+01
2.986289960145950317e+01
2.984835866093635559e+01
2.954034999012947083e+01
2.928876960277557373e+01
2.901421187818050385e+01
2.895229598879814148e+01
2.873360195755958557e+01
2.849597779661417007e+01
2.832101351022720337e+01
2.831145541369915009e+01
2.823644103109836578e+01
2.807739962637424469e+01
2.788514590263366699e+01
2.773097182065248489e+01
2.754232125729322433e+01
2.735837379097938538e+01
2.748630522936582565e+01
2.738747786730527878e+01
2.700802992284297943e+01
2.695227798074483871e+01
2.682169792801141739e+01
2.677785436064004898e+01
2.682440029829740524e+01
2.681708644330501556e+01
2.666041371971368790e+01
2.653671579062938690e+01
2.664634625613689423e+01
2.646554689854383469e+01
2.648053169250488281e+01
2.647203508019447327e+01
2.651825165748596191e+01
2.654282052814960480e+01
2.659187161177396774e+01
2.657242356240749359e+01
2.683683970570564270e+01
2.689846234768629074e+01
2.704407540708780289e+01
2.742841428518295288e+01
2.738178385049104691e+01
2.753821634501218796e+01
2.777919170260429382e+01
2.773598731309175491e+01
2.743993749469518661e+01
2.722841043770313263e+01
2.732598932832479477e+01
