4.601916053243690873e-03
3.631373280881061271e-03
3.572160075418650931e-03
3.522323421202600089e-03
3.462356830104475810e-03
3.414541423054678199e-03
3.375355158710763737e-03
3.334842460407387750e-03
3.302295110188424587e-03
3.270562377847021328e-03
3.235044742801359771e-03
3.202385000795835487e-03
3.176510493670191108e-03
3.135353696000363257e-03
3.100781274649003997e-03
3.062782897835686011e-03
3.028715768873336926e-03
2.997802863163607362e-03
2.978167330314006062e-03
2.951002075514268328e-03
2.915027732073905992e-03
2.902920999830322507e-03
2.873534051745775270e-03
2.846306806341523336e-03
2.828126959502697164e-03
2.794628269926068432e-03
2.780355738165477941e-03
2.756911324381473415e-03
2.732154275734154786e-03
2.717802363137404326e-03
2.692069805094174113e-03
2.667973347983899641e-03
2.643150461482859665e-03
2.619065372051582533e-03
2.605422054018292910e-03
2.577532526283037115e-03
2.564288650284565416e-03
2.534441216405303524e-03
2.516996575563791149e-03
2.503638614767364056e-03
2.483981478560183791e-03
2.459905194562106087e-03
2.444773287113223732e-03
2.423811673984995960e-03
2.403904166116955805e-03
2.384032792456093272e-03
2.370018793624781555e-03
2.346455176094813105e-03
2.334995339402840334e-03
2.316632926730172962e-03
2.307459236388760115e-03
2.276736822733211978e-03
2.262611269751297564e-03
2.257810764214290226e-03
2.249463277292393631e-03
2.221941934632403436e-03
2.220860019414907464e-03
2.197942707598919167e-03
2.179223928777944408e-03
2.158795526650335132e-03
2.154188689642718823e-03
2.137916812318421417e-03
2.120236443200459141e-03
2.107218267130000090e-03
2.106507099233567628e-03
2.100925671956723785e-03
2.089092234105226382e-03
2.074787641565004927e-03
2.063316355703310057e-03
2.049279855453365034e-03
2.035593288019299420e-03
2.045111996232576099e-03
2.037758769888785727e-03
2.009526035925816769e-03
2.005377825948276814e-03
1.995662048215135053e-03
1.992399878023813110e-03
1.995863117432842594e-03
1.995318931793528018e-03
1.983661735097744672e-03
1.974458020136115113e-03
1.982615048819709198e-03
1.969162715665463952e-03
1.970277655692327570e-03
1.969645467276374615e-03
1.973084200705800886e-03
1.974912241677798108e-03
1.978561875876039440e-03
1.977114848393414850e-03
1.996788668579288929e-03
2.001373686583801399e-03
2.012207991598795060e-03
2.040804634314207725e-03
2.037335107923440945e-03
2.048974430432454284e-03
2.066904144539010151e-03
2.063689532224089081e-03
2.041662015974344321e-03
2.025923395662435327e-03
2.033183729786071023e-03
