1.502353724241256714e+02
1.462776939272880554e+02
1.426379378437995911e+02
1.392731266617774963e+02
1.361699367761611938e+02
1.333195797801017761e+02
1.306936919689178467e+02
1.282610242962837219e+02
1.260005412697792053e+02
1.238968679308891296e+02
1.219367631077766418e+02
1.201118839383125305e+02
1.184125621914863586e+02
1.168313224315643311e+02
1.153603461384773254e+02
1.139939909577369690e+02
1.127249660491943359e+02
1.115479993820190430e+02
1.104575425386428833e+02
1.094491475224494934e+02
1.085177599191665649e+02
1.076599233746528625e+02
1.068709013760089874e+02
1.061469157040119171e+02
1.054855053424835205e+02
1.048820175230503082e+02
1.043343812823295593e+02
1.038395431935787201e+02
1.033946199715137482e+02
1.029967181682586670e+02
1.026441935598850250e+02
1.023342849612236023e+02
1.020644875168800354e+02
1.018334246277809143e+02
1.016384287178516388e+02
1.014783629179000854e+02
1.013511269986629486e+02
1.012547601163387299e+02
1.011886276006698608e+02
1.011500301957130432e+02
1.011388236880302429e+02
1.011530423462390900e+02
1.011915157139301300e+02
1.012525437474250793e+02
1.013354286849498749e+02
1.014393578469753265e+02
1.015627233982086182e+02
1.017053156495094299e+02
1.018657383024692535e+02
1.020426746904850006e+02
1.022360151112079620e+02
1.024447538554668427e+02
1.026681983470916748e+02
1.029053932428359985e+02
1.031557974517345428e+02
1.034187551438808441e+02
1.036938132941722870e+02
1.039804919660091400e+02
1.042777832448482513e+02
1.045851786732673645e+02
1.049023276865482330e+02
1.052290199100971222e+02
1.055647236108779907e+02
1.059082646071910858e+02
1.062605843544006348e+02
1.066198589205741882e+02
1.069868175089359283e+02
1.073606434166431427e+02
1.077411853671073914e+02
1.081277780830860138e+02
1.085204488337039948e+02
1.089188285470008850e+02
1.093224782049655914e+02
1.097314708828926086e+02
1.101450558900833130e+02
1.105632548332214355e+02
1.109863904118537903e+02
1.114137747287750244e+02
1.118443012833595276e+02
1.122229127883911133e+02
1.124175491929054260e+02
1.126011396050453186e+02
1.127881502509117126e+02
1.129782770276069641e+02
1.131712462902069092e+02
1.133675807714462280e+02
1.135664760470390320e+02
1.137677531242370605e+02
1.139714384078979492e+02
1.141775482296943665e+02
1.143860746026039124e+02
1.145964165925979614e+02
1.148090320229530334e+02
1.150232758522033691e+02
1.152400030493736267e+02
1.154580104351043701e+02
1.156775558590888977e+02
1.158988034129142761e+02
1.161222641468048096e+02
1.163465056419372559e+02
1.165717963576316833e+02
1.167988622784614563e+02
1.170272983908653259e+02
1.172562507987022400e+02
1.174868444204330444e+02
1.177186235189437866e+02
1.179515439271926880e+02
1.181852036714553833e+02
1.184196401238441467e+02
1.186552258133888245e+02
1.188915445804595947e+02
1.191289417743682861e+02
1.193668004274368286e+02
1.196055711507797241e+02
1.198451483249664307e+02
1.200851904153823853e+02
1.203253208398818970e+02
1.205669572949409485e+02
1.208086321949958801e+02
1.209335724711418152e+02
1.209182704687118530e+02
1.209029975533485413e+02
1.208887493014335632e+02
1.208748113512992859e+02
1.208607764840126038e+02
1.208473992347717285e+02
1.208349661231040955e+02
1.208223980665206909e+02
1.208101547360420227e+02
1.207985092401504517e+02
1.207867743372917175e+02
1.207756259441375732e+02
1.207651680707931519e+02
1.207544434666633606e+02
1.207441227436065674e+02
1.207341922521591187e+02
1.207241534590721130e+02
1.207148897647857666e+02
1.207055060863494873e+02
1.206961267590522766e+02
1.206871183514595032e+02
1.206783057451248169e+02
1.206696445345878601e+02
1.206610748767852783e+02
1.206527398824691772e+02
1.206443325877189636e+02
1.206364291906356812e+02
1.206283521056175232e+02
1.206208845973014832e+02
1.206130571961402893e+02
1.206053947210311890e+02
1.205975400805473328e+02
1.205903921723365784e+02
1.205835637450218201e+02
1.205757802128791809e+02
1.205690367817878723e+02
1.205618786811828613e+02
1.205547748804092407e+02
1.205478053689002991e+02
1.205407305359840393e+02
1.205342323780059814e+02
1.205273935794830322e+02
1.205204329490661621e+02
1.205140566825866699e+02
1.205071724653244019e+02
1.205006771683692932e+02
1.204942857623100281e+02
1.204873300790786743e+02
1.204810733199119568e+02
1.204745453596115112e+02
1.204679049849510193e+02
1.204613322615623474e+02
1.204546552300453186e+02
1.204485626816749573e+02
1.204418058395385742e+02
1.204353497624397278e+02
1.204289108514785767e+02
1.204223282933235168e+02
1.204157382249832153e+02
1.204095727205276489e+02
1.204026931524276733e+02
1.203961231708526611e+02
1.203898362517356873e+02
1.203833165764808655e+02
1.203761214613914490e+02
1.203698297142982483e+02
1.203632530570030212e+02
1.203563998937606812e+02
1.203495866656303406e+02
1.203428449630737305e+02
1.203357358574867249e+02
1.203291244506835938e+02
1.203223398923873901e+02
1.203148000836372375e+02
1.203080062866210938e+02
1.203009544610977173e+02
1.202942010164260864e+02
1.202867389321327209e+02
1.202795883417129517e+02
1.202719318866729736e+02
1.202645567655563354e+02
1.202569361329078674e+02
1.202489482164382935e+02
1.202415579557418823e+02
1.202339617609977722e+02
1.202259998321533203e+02
1.202181090712547302e+02
1.202102804183959961e+02
1.202024079561233521e+02
1.201940681934356689e+02
1.201854397058486938e+02
1.201769699454307556e+02
1.201683780550956726e+02
1.201599612236022949e+02
1.201509514451026917e+02
1.201420722603797913e+02
1.201329458355903625e+02
1.201238597631454468e+02
1.201143370866775513e+02
1.201046891212463379e+02
1.200952932834625244e+02
1.200851645469665527e+02
1.200749179720878601e+02
1.200650448203086853e+02
1.200548141598701477e+02
1.200445119738578796e+02
1.200332577228546143e+02
1.200224015116691589e+02
1.200111822485923767e+02
1.200002179741859436e+02
1.199882275462150574e+02
1.199762400388717651e+02
1.199639898538589478e+02
1.199514831900596619e+02
1.199386166930198669e+02
1.199255766868591309e+02
1.199126108288764954e+02
1.198989959955215454e+02
1.198849476575851440e+02
1.198700646758079529e+02
1.198554421663284302e+02
1.198403407335281372e+02
1.198248036503791809e+02
1.198090790510177612e+02
1.197918734550476074e+02
1.197753557562828064e+02
1.197576591968536377e+02
1.197397236824035645e+02
1.197205043435096741e+02
1.197010443210601807e+02
1.196809458136558533e+02
1.196603257656097412e+02
1.196387289166450500e+02
1.196160780191421509e+02
1.195927210450172424e+02
1.195690575242042542e+02
1.195435855984687805e+02
1.195166295766830444e+02
1.194891882538795471e+02
1.194602267146110535e+02
1.194297024607658386e+02
1.193981990218162537e+02
1.193645584583282471e+02
1.193294476866722107e+02
1.192922010421752930e+02
1.192529373168945312e+02
1.192114320397377014e+02
1.191671617031097412e+02
1.191200491189956665e+02
1.190698579549789429e+02
1.190164570212364197e+02
1.189589377045631409e+02
1.188968417048454285e+02
1.188300741910934448e+02
1.187579513788223267e+02
1.186790295839309692e+02
1.185927362442016602e+02
1.184981846809387207e+02
1.183937103152275085e+02
1.182778875231742859e+02
1.181479743719100952e+02
1.180017465949058533e+02
1.178356547355651855e+02
1.176456824541091919e+02
1.174258362650871277e+02
1.171672186255455017e+02
1.168601899743080139e+02
1.164880967736244202e+02
1.160277832746505737e+02
1.154431839585304260e+02
1.146759527325630188e+02
1.136252862215042114e+02
1.121038659811019897e+02
1.097095059752464294e+02
1.054163255095481873e+02
9.594264829158782959e+01
9.026548200845718384e+01
9.028984582424163818e+01
9.023087415099143982e+01
9.026623722910881042e+01
9.029947301745414734e+01
9.022947347164154053e+01
9.023446643352508545e+01
9.025071570277214050e+01
9.023908826708793640e+01
9.020890748500823975e+01
9.022787681221961975e+01
9.023793974518775940e+01
9.022563314437866211e+01
9.024276608228683472e+01
9.026538503170013428e+01
9.024690428376197815e+01
9.020407915115356445e+01
9.021669554710388184e+01
9.017534881830215454e+01
9.021168026328086853e+01
9.016252890229225159e+01
9.022563636302947998e+01
9.021643489599227905e+01
9.018212300539016724e+01
9.021272265911102295e+01
9.019424465298652649e+01
9.019209104776382446e+01
9.017357471585273743e+01
9.018037295341491699e+01
9.019850444793701172e+01
9.015536975860595703e+01
9.015804123878479004e+01
9.017655488848686218e+01
9.015236657857894897e+01
9.013321027159690857e+01
9.013974106311798096e+01
9.019484508037567139e+01
9.015194240212440491e+01
9.012534758448600769e+01
9.017409366369247437e+01
9.019120633602142334e+01
9.019782096147537231e+01
9.013853561878204346e+01
9.011514890193939209e+01
9.012454131245613098e+01
9.010142546892166138e+01
9.016224095225334167e+01
9.010131669044494629e+01
9.010850566625595093e+01
9.013150769472122192e+01
9.012101578712463379e+01
9.010308060050010681e+01
9.009049686789512634e+01
9.013436111807823181e+01
9.006692650914192200e+01
9.011564767360687256e+01
9.008206453919410706e+01
9.010705775022506714e+01
9.004954653978347778e+01
9.008074140548706055e+01
9.012520694732666016e+01
9.007038635015487671e+01
9.006334048509597778e+01
9.005246737599372864e+01
9.010875138640403748e+01
9.004219117760658264e+01
9.005468606948852539e+01
9.004029867053031921e+01
9.008291196823120117e+01
9.002824747562408447e+01
9.005533522367477417e+01
9.005102407932281494e+01
9.009799328446388245e+01
9.006171774864196777e+01
9.000353300571441650e+01
9.004329159855842590e+01
9.003423351049423218e+01
9.003785869479179382e+01
9.001927930116653442e+01
9.002662357687950134e+01
9.004218429327011108e+01
9.000337648391723633e+01
9.002572593092918396e+01
9.000500720739364624e+01
8.999311432242393494e+01
8.998251900076866150e+01
8.997633162140846252e+01
8.996999588608741760e+01
8.999047139286994934e+01
8.999953883886337280e+01
8.997996926307678223e+01
8.999365290999412537e+01
9.000021889805793762e+01
8.994440680742263794e+01
8.995945316553115845e+01
8.996388357877731323e+01
8.998762044310569763e+01
8.996388339996337891e+01
8.997839748859405518e+01
8.995813646912574768e+01
8.993694928288459778e+01
8.995154333114624023e+01
8.989559942483901978e+01
8.993290972709655762e+01
8.997145456075668335e+01
8.993189385533332825e+01
8.995596778392791748e+01
8.998295575380325317e+01
8.991780796647071838e+01
8.991246598958969116e+01
8.992934256792068481e+01
8.992810010910034180e+01
8.990421947836875916e+01
8.991575464606285095e+01
8.990450510382652283e+01
8.987456020712852478e+01
8.990401655435562134e+01
8.990082883834838867e+01
8.988404491543769836e+01
8.989179143309593201e+01
8.986902990937232971e+01
8.984516236186027527e+01
8.988103449344635010e+01
8.984131616353988647e+01
8.987936317920684814e+01
8.990167793631553650e+01
8.986945307254791260e+01
8.989714503288269043e+01
8.985548934340476990e+01
8.986059099435806274e+01
8.982357999682426453e+01
8.984570428729057312e+01
8.983123037219047546e+01
8.984395873546600342e+01
8.980752736330032349e+01
8.981724962592124939e+01
8.979217734932899475e+01
8.985665586590766907e+01
8.982646742463111877e+01
8.981692010164260864e+01
8.980442732572555542e+01
8.979584008455276489e+01
8.976446554064750671e+01
8.981488984823226929e+01
8.979302230477333069e+01
8.976750108599662781e+01
8.977483564615249634e+01
8.976539695262908936e+01
8.977606299519538879e+01
8.974865782260894775e+01
8.974113476276397705e+01
8.976310938596725464e+01
8.974625968933105469e+01
8.975875917077064514e+01
8.973904582858085632e+01
8.974336344003677368e+01
8.975938513875007629e+01
8.973282608389854431e+01
8.974620318412780762e+01
8.973123019933700562e+01
8.970791345834732056e+01
8.970619800686836243e+01
8.971777012944221497e+01
8.971235412359237671e+01
8.969698846340179443e+01
8.968715408444404602e+01
8.973252165317535400e+01
8.970754328370094299e+01
8.963496485352516174e+01
8.964813920855522156e+01
8.964194855093955994e+01
8.968641653656959534e+01
8.965637475252151489e+01
8.966657987236976624e+01
8.964869159460067749e+01
8.961881035566329956e+01
8.962601503729820251e+01
8.961942625045776367e+01
8.961193236708641052e+01
8.962260177731513977e+01
8.959251108765602112e+01
8.962370634078979492e+01
8.960216519236564636e+01
8.958164486289024353e+01
8.957074964046478271e+01
8.961148750782012939e+01
8.956547167897224426e+01
8.957805699110031128e+01
8.958040162920951843e+01
8.955234870314598083e+01
8.956563711166381836e+01
8.952929916977882385e+01
8.954868528246879578e+01
8.956099829077720642e+01
8.951506549119949341e+01
8.948183503746986389e+01
8.950074586272239685e+01
8.949990475177764893e+01
8.947600570321083069e+01
8.948583745956420898e+01
8.948483362793922424e+01
8.945367452502250671e+01
8.942993339896202087e+01
8.943079340457916260e+01
